(kicad_pcb (version 20171130) (host pcbnew "(5.1.0)-1")

  (general
    (thickness 1.6)
    (drawings 10)
    (tracks 0)
    (zones 0)
    (modules 152)
    (nets 118)
  )

  (page A4)
  (layers
    (0 F.Cu signal)
    (31 B.Cu signal)
    (32 B.Adhes user)
    (33 F.Adhes user)
    (34 B.Paste user)
    (35 F.Paste user)
    (36 B.SilkS user)
    (37 F.SilkS user)
    (38 B.Mask user)
    (39 F.Mask user)
    (40 Dwgs.User user)
    (41 Cmts.User user)
    (42 Eco1.User user)
    (43 Eco2.User user)
    (44 Edge.Cuts user)
    (45 Margin user)
    (46 B.CrtYd user)
    (47 F.CrtYd user)
    (48 B.Fab user)
    (49 F.Fab user)
  )

  (setup
    (last_trace_width 0.25)
    (trace_clearance 0.2)
    (zone_clearance 0.508)
    (zone_45_only no)
    (trace_min 0.2)
    (via_size 0.8)
    (via_drill 0.4)
    (via_min_size 0.4)
    (via_min_drill 0.3)
    (uvia_size 0.3)
    (uvia_drill 0.1)
    (uvias_allowed no)
    (uvia_min_size 0.2)
    (uvia_min_drill 0.1)
    (edge_width 0.05)
    (segment_width 0.2)
    (pcb_text_width 0.3)
    (pcb_text_size 1.5 1.5)
    (mod_edge_width 0.12)
    (mod_text_size 1 1)
    (mod_text_width 0.15)
    (pad_size 8.6 8.6)
    (pad_drill 4.3)
    (pad_to_mask_clearance 0.051)
    (solder_mask_min_width 0.25)
    (aux_axis_origin 0 0)
    (visible_elements 7FFFFFFF)
    (pcbplotparams
      (layerselection 0x010fc_ffffffff)
      (usegerberextensions false)
      (usegerberattributes false)
      (usegerberadvancedattributes false)
      (creategerberjobfile false)
      (excludeedgelayer true)
      (linewidth 0.100000)
      (plotframeref false)
      (viasonmask false)
      (mode 1)
      (useauxorigin false)
      (hpglpennumber 1)
      (hpglpenspeed 20)
      (hpglpendiameter 15.000000)
      (psnegative false)
      (psa4output false)
      (plotreference true)
      (plotvalue true)
      (plotinvisibletext false)
      (padsonsilk false)
      (subtractmaskfromsilk false)
      (outputformat 1)
      (mirror false)
      (drillshape 1)
      (scaleselection 1)
      (outputdirectory ""))
  )

  (net 0 "")
  (net 1 GND)
  (net 2 +24V)
  (net 3 "Net-(C3-Pad1)")
  (net 4 "Net-(C6-Pad1)")
  (net 5 CAN_H)
  (net 6 CAN_L)
  (net 7 +3V3)
  (net 8 SOLENOID_CURRENT_SENSE_1)
  (net 9 SOLENOID_ECONOMIZED_CURRENT_SENSE_1)
  (net 10 SOLENOID_CURRENT_SENSE_2)
  (net 11 SOLENOID_ECONOMIZED_CURRENT_SENSE_2)
  (net 12 SOLENOID_CURRENT_SENSE_3)
  (net 13 /SolenoidSense/SOLENOID_OFF_VREF)
  (net 14 SOLENOID_CURRENT_SENSE_4)
  (net 15 "Net-(C36-Pad1)")
  (net 16 GNDPWR)
  (net 17 "Net-(C37-Pad1)")
  (net 18 "Net-(C38-Pad1)")
  (net 19 "Net-(C39-Pad1)")
  (net 20 SOLENOID_ECONOMIZED_CHANNEL_1_SENSE)
  (net 21 "Net-(D2-Pad2)")
  (net 22 PUMP_LS_CHANNEL_1)
  (net 23 "Net-(D4-Pad2)")
  (net 24 SOLENOID_ECONOMIZED_CHANNEL_2_SENSE)
  (net 25 "Net-(D6-Pad2)")
  (net 26 PUMP_LS_CHANNEL_2)
  (net 27 "Net-(D8-Pad2)")
  (net 28 "Net-(D9-Pad2)")
  (net 29 SOLENOID_LS_CHANNEL_4_SENSE)
  (net 30 SOLENOID_LS_CHANNEL_3_SENSE)
  (net 31 "Net-(D10-Pad2)")
  (net 32 "Net-(D11-Pad2)")
  (net 33 SOLENOID_LS_CHANNEL_2_SENSE)
  (net 34 SOLENOID_LS_CHANNEL_1_SENSE)
  (net 35 "Net-(D12-Pad2)")
  (net 36 +12V)
  (net 37 "Net-(D14-Pad2)")
  (net 38 "Net-(D15-Pad2)")
  (net 39 "Net-(D16-Pad2)")
  (net 40 "Net-(D17-Pad2)")
  (net 41 "Net-(D18-Pad2)")
  (net 42 "Net-(D19-Pad2)")
  (net 43 "Net-(D20-Pad2)")
  (net 44 "Net-(D21-Pad2)")
  (net 45 "Net-(D22-Pad2)")
  (net 46 BRAKE_SOLENOID_LOW)
  (net 47 SOLENOID_LS_CHANNEL_1)
  (net 48 SOLENOID_LS_CHANNEL_2)
  (net 49 SOLENOID_LS_CHANNEL_3)
  (net 50 SOLENOID_LS_CHANNEL_4)
  (net 51 SOLENOID_ECONOMIZED_CHANNEL_1)
  (net 52 SOLENOID_ECONOMIZED_CHANNEL_2)
  (net 53 GP_RELAY_1_LOW)
  (net 54 GP_RELAY_1_HIGH)
  (net 55 GP_RELAY_2_HIGH)
  (net 56 GP_RELAY_2_LOW)
  (net 57 GP_RELAY_3_LOW)
  (net 58 GP_RELAY_3_HIGH)
  (net 59 GP_RELAY_4_HIGH)
  (net 60 GP_RELAY_4_LOW)
  (net 61 DRV103_DUTY_CYCLE_ADJ_1)
  (net 62 "Net-(JP1-Pad2)")
  (net 63 "Net-(JP2-Pad2)")
  (net 64 DRV103_DUTY_CYCLE_ADJ_2)
  (net 65 PUMP_INPUT_1)
  (net 66 PUMP_INPUT_2)
  (net 67 "Net-(Q3-Pad1)")
  (net 68 "Net-(Q4-Pad1)")
  (net 69 "Net-(Q5-Pad1)")
  (net 70 "Net-(Q6-Pad1)")
  (net 71 "Net-(R5-Pad1)")
  (net 72 DRV103_INPUT_1)
  (net 73 DRV103_nOK)
  (net 74 "Net-(R11-Pad1)")
  (net 75 DRV103_INPUT_2)
  (net 76 DRV8806_SERIAL_DATOUT_3.3V)
  (net 77 DRV8806_SERIAL_DATOUT)
  (net 78 DRV8806_nFAULT)
  (net 79 GP_RELAY_1)
  (net 80 GP_RELAY_3)
  (net 81 GP_RELAY_2)
  (net 82 GP_RELAY_4)
  (net 83 "Net-(R33-Pad2)")
  (net 84 "Net-(R34-Pad2)")
  (net 85 "Net-(R35-Pad2)")
  (net 86 "Net-(R36-Pad2)")
  (net 87 "Net-(R38-Pad2)")
  (net 88 "Net-(R41-Pad2)")
  (net 89 CAN_SHIELD)
  (net 90 DRV8806_nENBL)
  (net 91 DRV8806_RESET)
  (net 92 "Net-(U3-Pad10)")
  (net 93 DRV8806_SERIAL_LATCH)
  (net 94 DRV8806_SERIAL_CLK)
  (net 95 DRV8806_SERIAL_DATIN)
  (net 96 "Net-(U4-Pad43)")
  (net 97 +5V)
  (net 98 "Net-(U4-Pad40)")
  (net 99 "Net-(U4-Pad39)")
  (net 100 "Net-(U4-Pad38)")
  (net 101 "Net-(U4-Pad9)")
  (net 102 "Net-(U4-Pad10)")
  (net 103 SOFTWARE_INVERTER_KILL)
  (net 104 "Net-(U4-Pad24)")
  (net 105 "Net-(U4-Pad23)")
  (net 106 "Net-(U4-Pad42)")
  (net 107 "Net-(U4-Pad41)")
  (net 108 "Net-(U5-Pad7)")
  (net 109 "Net-(U6-Pad7)")
  (net 110 "Net-(U7-Pad7)")
  (net 111 "Net-(U8-Pad7)")
  (net 112 "Net-(U9-Pad7)")
  (net 113 "Net-(U10-Pad1)")
  (net 114 "Net-(U10-Pad7)")
  (net 115 "Net-(U12-Pad7)")
  (net 116 "Net-(D23-Pad1)")
  (net 117 "Net-(D24-Pad1)")

  (net_class Default "This is the default net class."
    (clearance 0.2)
    (trace_width 0.25)
    (via_dia 0.8)
    (via_drill 0.4)
    (uvia_dia 0.3)
    (uvia_drill 0.1)
    (add_net +12V)
    (add_net +24V)
    (add_net +3V3)
    (add_net +5V)
    (add_net /SolenoidSense/SOLENOID_OFF_VREF)
    (add_net BRAKE_SOLENOID_LOW)
    (add_net CAN_H)
    (add_net CAN_L)
    (add_net CAN_SHIELD)
    (add_net DRV103_DUTY_CYCLE_ADJ_1)
    (add_net DRV103_DUTY_CYCLE_ADJ_2)
    (add_net DRV103_INPUT_1)
    (add_net DRV103_INPUT_2)
    (add_net DRV103_nOK)
    (add_net DRV8806_RESET)
    (add_net DRV8806_SERIAL_CLK)
    (add_net DRV8806_SERIAL_DATIN)
    (add_net DRV8806_SERIAL_DATOUT)
    (add_net DRV8806_SERIAL_DATOUT_3.3V)
    (add_net DRV8806_SERIAL_LATCH)
    (add_net DRV8806_nENBL)
    (add_net DRV8806_nFAULT)
    (add_net GND)
    (add_net GNDPWR)
    (add_net GP_RELAY_1)
    (add_net GP_RELAY_1_HIGH)
    (add_net GP_RELAY_1_LOW)
    (add_net GP_RELAY_2)
    (add_net GP_RELAY_2_HIGH)
    (add_net GP_RELAY_2_LOW)
    (add_net GP_RELAY_3)
    (add_net GP_RELAY_3_HIGH)
    (add_net GP_RELAY_3_LOW)
    (add_net GP_RELAY_4)
    (add_net GP_RELAY_4_HIGH)
    (add_net GP_RELAY_4_LOW)
    (add_net "Net-(C3-Pad1)")
    (add_net "Net-(C36-Pad1)")
    (add_net "Net-(C37-Pad1)")
    (add_net "Net-(C38-Pad1)")
    (add_net "Net-(C39-Pad1)")
    (add_net "Net-(C6-Pad1)")
    (add_net "Net-(D10-Pad2)")
    (add_net "Net-(D11-Pad2)")
    (add_net "Net-(D12-Pad2)")
    (add_net "Net-(D14-Pad2)")
    (add_net "Net-(D15-Pad2)")
    (add_net "Net-(D16-Pad2)")
    (add_net "Net-(D17-Pad2)")
    (add_net "Net-(D18-Pad2)")
    (add_net "Net-(D19-Pad2)")
    (add_net "Net-(D2-Pad2)")
    (add_net "Net-(D20-Pad2)")
    (add_net "Net-(D21-Pad2)")
    (add_net "Net-(D22-Pad2)")
    (add_net "Net-(D23-Pad1)")
    (add_net "Net-(D24-Pad1)")
    (add_net "Net-(D4-Pad2)")
    (add_net "Net-(D6-Pad2)")
    (add_net "Net-(D8-Pad2)")
    (add_net "Net-(D9-Pad2)")
    (add_net "Net-(JP1-Pad2)")
    (add_net "Net-(JP2-Pad2)")
    (add_net "Net-(Q3-Pad1)")
    (add_net "Net-(Q4-Pad1)")
    (add_net "Net-(Q5-Pad1)")
    (add_net "Net-(Q6-Pad1)")
    (add_net "Net-(R11-Pad1)")
    (add_net "Net-(R33-Pad2)")
    (add_net "Net-(R34-Pad2)")
    (add_net "Net-(R35-Pad2)")
    (add_net "Net-(R36-Pad2)")
    (add_net "Net-(R38-Pad2)")
    (add_net "Net-(R41-Pad2)")
    (add_net "Net-(R5-Pad1)")
    (add_net "Net-(U10-Pad1)")
    (add_net "Net-(U10-Pad7)")
    (add_net "Net-(U12-Pad7)")
    (add_net "Net-(U3-Pad10)")
    (add_net "Net-(U4-Pad10)")
    (add_net "Net-(U4-Pad23)")
    (add_net "Net-(U4-Pad24)")
    (add_net "Net-(U4-Pad38)")
    (add_net "Net-(U4-Pad39)")
    (add_net "Net-(U4-Pad40)")
    (add_net "Net-(U4-Pad41)")
    (add_net "Net-(U4-Pad42)")
    (add_net "Net-(U4-Pad43)")
    (add_net "Net-(U4-Pad9)")
    (add_net "Net-(U5-Pad7)")
    (add_net "Net-(U6-Pad7)")
    (add_net "Net-(U7-Pad7)")
    (add_net "Net-(U8-Pad7)")
    (add_net "Net-(U9-Pad7)")
    (add_net PUMP_INPUT_1)
    (add_net PUMP_INPUT_2)
    (add_net PUMP_LS_CHANNEL_1)
    (add_net PUMP_LS_CHANNEL_2)
    (add_net SOFTWARE_INVERTER_KILL)
    (add_net SOLENOID_CURRENT_SENSE_1)
    (add_net SOLENOID_CURRENT_SENSE_2)
    (add_net SOLENOID_CURRENT_SENSE_3)
    (add_net SOLENOID_CURRENT_SENSE_4)
    (add_net SOLENOID_ECONOMIZED_CHANNEL_1)
    (add_net SOLENOID_ECONOMIZED_CHANNEL_1_SENSE)
    (add_net SOLENOID_ECONOMIZED_CHANNEL_2)
    (add_net SOLENOID_ECONOMIZED_CHANNEL_2_SENSE)
    (add_net SOLENOID_ECONOMIZED_CURRENT_SENSE_1)
    (add_net SOLENOID_ECONOMIZED_CURRENT_SENSE_2)
    (add_net SOLENOID_LS_CHANNEL_1)
    (add_net SOLENOID_LS_CHANNEL_1_SENSE)
    (add_net SOLENOID_LS_CHANNEL_2)
    (add_net SOLENOID_LS_CHANNEL_2_SENSE)
    (add_net SOLENOID_LS_CHANNEL_3)
    (add_net SOLENOID_LS_CHANNEL_3_SENSE)
    (add_net SOLENOID_LS_CHANNEL_4)
    (add_net SOLENOID_LS_CHANNEL_4_SENSE)
  )

  (module BigSur:OMRON_RELAY_G5LE-1A-VDDC12 (layer F.Cu) (tedit 5DC61622) (tstamp 5DBF6AB0)
    (at 54 135 90)
    (path /5D7D29A6/5DA8E591)
    (fp_text reference K1 (at -0.5 -9 270) (layer F.SilkS)
      (effects (font (size 1 1) (thickness 0.15)))
    )
    (fp_text value G5LE-1A-VDDC12 (at 0 -0.5 90) (layer F.Fab)
      (effects (font (size 1 1) (thickness 0.15)))
    )
    (fp_line (start 19.95 8.25) (end -2.55 8.25) (layer F.SilkS) (width 0.15))
    (fp_line (start -2.55 -8.25) (end 19.95 -8.25) (layer F.SilkS) (width 0.15))
    (fp_line (start 19.95 8.25) (end 19.95 -8.25) (layer F.SilkS) (width 0.15))
    (fp_line (start -2.55 8.25) (end -2.55 -8.25) (layer F.SilkS) (width 0.15))
    (pad 3 thru_hole circle (at 14.2 6 90) (size 1.9 1.9) (drill 1.3) (layers *.Cu *.Mask)
      (net 54 GP_RELAY_1_HIGH))
    (pad 2 thru_hole circle (at 2 6 90) (size 1.9 1.9) (drill 1.3) (layers *.Cu *.Mask)
      (net 36 +12V))
    (pad 5 thru_hole circle (at 2 -6 90) (size 1.9 1.9) (drill 1.3) (layers *.Cu *.Mask)
      (net 37 "Net-(D14-Pad2)"))
    (pad 1 thru_hole circle (at 0 0 90) (size 1.9 1.9) (drill 1.3) (layers *.Cu *.Mask)
      (net 53 GP_RELAY_1_LOW))
    (model ${KIPRJMOD}/Models/G5LE-1A-VDDC12.STEP
      (offset (xyz 8.75 0 0))
      (scale (xyz 1 1 1))
      (rotate (xyz -90 0 90))
    )
  )

  (module BigSur:OMRON_RELAY_G5LE-1A-VDDC12 (layer F.Cu) (tedit 5DC61622) (tstamp 5DC0E99C)
    (at 90.75 135 90)
    (path /5D7D29A6/5DA0EF26)
    (fp_text reference K2 (at -0.5 -9 270) (layer F.SilkS)
      (effects (font (size 1 1) (thickness 0.15)))
    )
    (fp_text value G5LE-1A-VDDC12 (at 0 -0.5 90) (layer F.Fab)
      (effects (font (size 1 1) (thickness 0.15)))
    )
    (fp_line (start 19.95 8.25) (end -2.55 8.25) (layer F.SilkS) (width 0.15))
    (fp_line (start -2.55 -8.25) (end 19.95 -8.25) (layer F.SilkS) (width 0.15))
    (fp_line (start 19.95 8.25) (end 19.95 -8.25) (layer F.SilkS) (width 0.15))
    (fp_line (start -2.55 8.25) (end -2.55 -8.25) (layer F.SilkS) (width 0.15))
    (pad 3 thru_hole circle (at 14.2 6 90) (size 1.9 1.9) (drill 1.3) (layers *.Cu *.Mask)
      (net 58 GP_RELAY_3_HIGH))
    (pad 2 thru_hole circle (at 2 6 90) (size 1.9 1.9) (drill 1.3) (layers *.Cu *.Mask)
      (net 36 +12V))
    (pad 5 thru_hole circle (at 2 -6 90) (size 1.9 1.9) (drill 1.3) (layers *.Cu *.Mask)
      (net 38 "Net-(D15-Pad2)"))
    (pad 1 thru_hole circle (at 0 0 90) (size 1.9 1.9) (drill 1.3) (layers *.Cu *.Mask)
      (net 57 GP_RELAY_3_LOW))
    (model ${KIPRJMOD}/Models/G5LE-1A-VDDC12.STEP
      (offset (xyz 8.75 0 0))
      (scale (xyz 1 1 1))
      (rotate (xyz -90 0 90))
    )
  )

  (module BigSur:OMRON_RELAY_G5LE-1A-VDDC12 (layer F.Cu) (tedit 5DC61622) (tstamp 5DBF6AC8)
    (at 72.5 135 90)
    (path /5D7D29A6/5DA0A600)
    (fp_text reference K3 (at -0.5 -9 270) (layer F.SilkS)
      (effects (font (size 1 1) (thickness 0.15)))
    )
    (fp_text value G5LE-1A-VDDC12 (at 0 -0.5 90) (layer F.Fab)
      (effects (font (size 1 1) (thickness 0.15)))
    )
    (fp_line (start 19.95 8.25) (end -2.55 8.25) (layer F.SilkS) (width 0.15))
    (fp_line (start -2.55 -8.25) (end 19.95 -8.25) (layer F.SilkS) (width 0.15))
    (fp_line (start 19.95 8.25) (end 19.95 -8.25) (layer F.SilkS) (width 0.15))
    (fp_line (start -2.55 8.25) (end -2.55 -8.25) (layer F.SilkS) (width 0.15))
    (pad 3 thru_hole circle (at 14.2 6 90) (size 1.9 1.9) (drill 1.3) (layers *.Cu *.Mask)
      (net 55 GP_RELAY_2_HIGH))
    (pad 2 thru_hole circle (at 2 6 90) (size 1.9 1.9) (drill 1.3) (layers *.Cu *.Mask)
      (net 36 +12V))
    (pad 5 thru_hole circle (at 2 -6 90) (size 1.9 1.9) (drill 1.3) (layers *.Cu *.Mask)
      (net 41 "Net-(D18-Pad2)"))
    (pad 1 thru_hole circle (at 0 0 90) (size 1.9 1.9) (drill 1.3) (layers *.Cu *.Mask)
      (net 56 GP_RELAY_2_LOW))
    (model ${KIPRJMOD}/Models/G5LE-1A-VDDC12.STEP
      (offset (xyz 8.75 0 0))
      (scale (xyz 1 1 1))
      (rotate (xyz -90 0 90))
    )
  )

  (module BigSur:OMRON_RELAY_G5LE-1A-VDDC12 (layer F.Cu) (tedit 5DC61622) (tstamp 5DBF6AD4)
    (at 110.5 135 90)
    (path /5D7D29A6/5DA0EF66)
    (fp_text reference K4 (at -0.5 -9 270) (layer F.SilkS)
      (effects (font (size 1 1) (thickness 0.15)))
    )
    (fp_text value G5LE-1A-VDDC12 (at 0 -0.5 90) (layer F.Fab)
      (effects (font (size 1 1) (thickness 0.15)))
    )
    (fp_line (start 19.95 8.25) (end -2.55 8.25) (layer F.SilkS) (width 0.15))
    (fp_line (start -2.55 -8.25) (end 19.95 -8.25) (layer F.SilkS) (width 0.15))
    (fp_line (start 19.95 8.25) (end 19.95 -8.25) (layer F.SilkS) (width 0.15))
    (fp_line (start -2.55 8.25) (end -2.55 -8.25) (layer F.SilkS) (width 0.15))
    (pad 3 thru_hole circle (at 14.2 6 90) (size 1.9 1.9) (drill 1.3) (layers *.Cu *.Mask)
      (net 59 GP_RELAY_4_HIGH))
    (pad 2 thru_hole circle (at 2 6 90) (size 1.9 1.9) (drill 1.3) (layers *.Cu *.Mask)
      (net 36 +12V))
    (pad 5 thru_hole circle (at 2 -6 90) (size 1.9 1.9) (drill 1.3) (layers *.Cu *.Mask)
      (net 42 "Net-(D19-Pad2)"))
    (pad 1 thru_hole circle (at 0 0 90) (size 1.9 1.9) (drill 1.3) (layers *.Cu *.Mask)
      (net 60 GP_RELAY_4_LOW))
    (model ${KIPRJMOD}/Models/G5LE-1A-VDDC12.STEP
      (offset (xyz 8.75 0 0))
      (scale (xyz 1 1 1))
      (rotate (xyz -90 0 90))
    )
  )

  (module BigSur:KEMET_CAP_SMD_T491C105K050AT (layer B.Cu) (tedit 5D9801EA) (tstamp 5DBF6535)
    (at 119 46.68 90)
    (path /5D6EB2B2/5D6E23C8)
    (fp_text reference C1 (at 5.68 0 270) (layer B.SilkS)
      (effects (font (size 1 1) (thickness 0.15)) (justify mirror))
    )
    (fp_text value 1uF (at 0 0.5 270) (layer B.Fab)
      (effects (font (size 1 1) (thickness 0.15)) (justify mirror))
    )
    (fp_line (start 4.5 1) (end 4.5 -1) (layer B.SilkS) (width 0.15))
    (fp_text user + (at -4.5 1.5 270) (layer B.SilkS)
      (effects (font (size 1 1) (thickness 0.15)) (justify mirror))
    )
    (fp_line (start -1 -1.5) (end 1 -1.5) (layer B.SilkS) (width 0.15))
    (fp_line (start -1 1.5) (end 1 1.5) (layer B.SilkS) (width 0.15))
    (pad 2 smd rect (at 2.57 0 90) (size 2.77 2.35) (layers B.Cu B.Paste B.Mask)
      (net 1 GND))
    (pad 1 smd rect (at -2.57 0 90) (size 2.77 2.35) (layers B.Cu B.Paste B.Mask)
      (net 2 +24V))
  )

  (module BigSur:VISHAY_CAP_SMD_293D106X9050E2TE3 (layer B.Cu) (tedit 5DA07F79) (tstamp 5DBF653F)
    (at 114.75 46.75 90)
    (path /5D6EB2B2/5DB14A06)
    (fp_text reference C2 (at 5.75 0 270) (layer B.SilkS)
      (effects (font (size 1 1) (thickness 0.15)) (justify mirror))
    )
    (fp_text value 10uF (at 0 0.5 270) (layer B.Fab)
      (effects (font (size 1 1) (thickness 0.15)) (justify mirror))
    )
    (fp_line (start 4.5 1.5) (end 4.5 -1.5) (layer B.SilkS) (width 0.15))
    (fp_line (start -1.5 -2.3) (end 1.5 -2.3) (layer B.SilkS) (width 0.15))
    (fp_line (start -1.5 2.3) (end 1.5 2.3) (layer B.SilkS) (width 0.15))
    (fp_text user + (at -4.5 1.5 270) (layer B.SilkS)
      (effects (font (size 1 1) (thickness 0.15)) (justify mirror))
    )
    (pad 1 smd rect (at -2.65 0 90) (size 2.5 2.5) (layers B.Cu B.Paste B.Mask)
      (net 2 +24V))
    (pad 2 smd rect (at 2.65 0 90) (size 2.5 2.5) (layers B.Cu B.Paste B.Mask)
      (net 1 GND))
  )

  (module Capacitor_SMD:C_1210_3225Metric_Pad1.42x2.65mm_HandSolder (layer F.Cu) (tedit 5B301BBE) (tstamp 5DBF6550)
    (at 118.25 47.5 180)
    (descr "Capacitor SMD 1210 (3225 Metric), square (rectangular) end terminal, IPC_7351 nominal with elongated pad for handsoldering. (Body size source: http://www.tortai-tech.com/upload/download/2011102023233369053.pdf), generated with kicad-footprint-generator")
    (tags "capacitor handsolder")
    (path /5D6EB2B2/5D6BA726)
    (attr smd)
    (fp_text reference C3 (at -3.5 0) (layer F.SilkS)
      (effects (font (size 1 1) (thickness 0.15)))
    )
    (fp_text value C (at 0 2.28) (layer F.Fab)
      (effects (font (size 1 1) (thickness 0.15)))
    )
    (fp_text user %R (at 0 0) (layer F.Fab)
      (effects (font (size 0.8 0.8) (thickness 0.12)))
    )
    (fp_line (start 2.45 1.58) (end -2.45 1.58) (layer F.CrtYd) (width 0.05))
    (fp_line (start 2.45 -1.58) (end 2.45 1.58) (layer F.CrtYd) (width 0.05))
    (fp_line (start -2.45 -1.58) (end 2.45 -1.58) (layer F.CrtYd) (width 0.05))
    (fp_line (start -2.45 1.58) (end -2.45 -1.58) (layer F.CrtYd) (width 0.05))
    (fp_line (start -0.602064 1.36) (end 0.602064 1.36) (layer F.SilkS) (width 0.12))
    (fp_line (start -0.602064 -1.36) (end 0.602064 -1.36) (layer F.SilkS) (width 0.12))
    (fp_line (start 1.6 1.25) (end -1.6 1.25) (layer F.Fab) (width 0.1))
    (fp_line (start 1.6 -1.25) (end 1.6 1.25) (layer F.Fab) (width 0.1))
    (fp_line (start -1.6 -1.25) (end 1.6 -1.25) (layer F.Fab) (width 0.1))
    (fp_line (start -1.6 1.25) (end -1.6 -1.25) (layer F.Fab) (width 0.1))
    (pad 2 smd roundrect (at 1.4875 0 180) (size 1.425 2.65) (layers F.Cu F.Paste F.Mask) (roundrect_rratio 0.175439)
      (net 1 GND))
    (pad 1 smd roundrect (at -1.4875 0 180) (size 1.425 2.65) (layers F.Cu F.Paste F.Mask) (roundrect_rratio 0.175439)
      (net 3 "Net-(C3-Pad1)"))
    (model ${KISYS3DMOD}/Capacitor_SMD.3dshapes/C_1210_3225Metric.wrl
      (at (xyz 0 0 0))
      (scale (xyz 1 1 1))
      (rotate (xyz 0 0 0))
    )
  )

  (module BigSur:KEMET_CAP_SMD_T491C105K050AT (layer B.Cu) (tedit 5D9801EA) (tstamp 5DCA154F)
    (at 119 64.25 90)
    (path /5D6EB2B2/5DB57761)
    (fp_text reference C4 (at 5.75 0 270) (layer B.SilkS)
      (effects (font (size 1 1) (thickness 0.15)) (justify mirror))
    )
    (fp_text value 1uF (at 0 0.5 270) (layer B.Fab)
      (effects (font (size 1 1) (thickness 0.15)) (justify mirror))
    )
    (fp_line (start 4.5 1) (end 4.5 -1) (layer B.SilkS) (width 0.15))
    (fp_text user + (at -4.5 1.5 270) (layer B.SilkS)
      (effects (font (size 1 1) (thickness 0.15)) (justify mirror))
    )
    (fp_line (start -1 -1.5) (end 1 -1.5) (layer B.SilkS) (width 0.15))
    (fp_line (start -1 1.5) (end 1 1.5) (layer B.SilkS) (width 0.15))
    (pad 2 smd rect (at 2.57 0 90) (size 2.77 2.35) (layers B.Cu B.Paste B.Mask)
      (net 1 GND))
    (pad 1 smd rect (at -2.57 0 90) (size 2.77 2.35) (layers B.Cu B.Paste B.Mask)
      (net 2 +24V))
  )

  (module BigSur:VISHAY_CAP_SMD_293D106X9050E2TE3 (layer B.Cu) (tedit 5DA07F79) (tstamp 5DC06862)
    (at 114.75 64.25 90)
    (path /5D6EB2B2/5DB57781)
    (fp_text reference C5 (at 5.75 0 270) (layer B.SilkS)
      (effects (font (size 1 1) (thickness 0.15)) (justify mirror))
    )
    (fp_text value 10uF (at 0 0.5 270) (layer B.Fab)
      (effects (font (size 1 1) (thickness 0.15)) (justify mirror))
    )
    (fp_line (start 4.5 1.5) (end 4.5 -1.5) (layer B.SilkS) (width 0.15))
    (fp_line (start -1.5 -2.3) (end 1.5 -2.3) (layer B.SilkS) (width 0.15))
    (fp_line (start -1.5 2.3) (end 1.5 2.3) (layer B.SilkS) (width 0.15))
    (fp_text user + (at -4.5 1.5 270) (layer B.SilkS)
      (effects (font (size 1 1) (thickness 0.15)) (justify mirror))
    )
    (pad 1 smd rect (at -2.65 0 90) (size 2.5 2.5) (layers B.Cu B.Paste B.Mask)
      (net 2 +24V))
    (pad 2 smd rect (at 2.65 0 90) (size 2.5 2.5) (layers B.Cu B.Paste B.Mask)
      (net 1 GND))
  )

  (module Capacitor_SMD:C_1210_3225Metric_Pad1.42x2.65mm_HandSolder (layer F.Cu) (tedit 5B301BBE) (tstamp 5DBF6575)
    (at 118.25 63.5 180)
    (descr "Capacitor SMD 1210 (3225 Metric), square (rectangular) end terminal, IPC_7351 nominal with elongated pad for handsoldering. (Body size source: http://www.tortai-tech.com/upload/download/2011102023233369053.pdf), generated with kicad-footprint-generator")
    (tags "capacitor handsolder")
    (path /5D6EB2B2/5D969FE4)
    (attr smd)
    (fp_text reference C6 (at -3.5 0) (layer F.SilkS)
      (effects (font (size 1 1) (thickness 0.15)))
    )
    (fp_text value C (at 0 2.28) (layer F.Fab)
      (effects (font (size 1 1) (thickness 0.15)))
    )
    (fp_text user %R (at 0 0) (layer F.Fab)
      (effects (font (size 0.8 0.8) (thickness 0.12)))
    )
    (fp_line (start 2.45 1.58) (end -2.45 1.58) (layer F.CrtYd) (width 0.05))
    (fp_line (start 2.45 -1.58) (end 2.45 1.58) (layer F.CrtYd) (width 0.05))
    (fp_line (start -2.45 -1.58) (end 2.45 -1.58) (layer F.CrtYd) (width 0.05))
    (fp_line (start -2.45 1.58) (end -2.45 -1.58) (layer F.CrtYd) (width 0.05))
    (fp_line (start -0.602064 1.36) (end 0.602064 1.36) (layer F.SilkS) (width 0.12))
    (fp_line (start -0.602064 -1.36) (end 0.602064 -1.36) (layer F.SilkS) (width 0.12))
    (fp_line (start 1.6 1.25) (end -1.6 1.25) (layer F.Fab) (width 0.1))
    (fp_line (start 1.6 -1.25) (end 1.6 1.25) (layer F.Fab) (width 0.1))
    (fp_line (start -1.6 -1.25) (end 1.6 -1.25) (layer F.Fab) (width 0.1))
    (fp_line (start -1.6 1.25) (end -1.6 -1.25) (layer F.Fab) (width 0.1))
    (pad 2 smd roundrect (at 1.4875 0 180) (size 1.425 2.65) (layers F.Cu F.Paste F.Mask) (roundrect_rratio 0.175439)
      (net 1 GND))
    (pad 1 smd roundrect (at -1.4875 0 180) (size 1.425 2.65) (layers F.Cu F.Paste F.Mask) (roundrect_rratio 0.175439)
      (net 4 "Net-(C6-Pad1)"))
    (model ${KISYS3DMOD}/Capacitor_SMD.3dshapes/C_1210_3225Metric.wrl
      (at (xyz 0 0 0))
      (scale (xyz 1 1 1))
      (rotate (xyz 0 0 0))
    )
  )

  (module Capacitor_SMD:C_1210_3225Metric_Pad1.42x2.65mm_HandSolder (layer B.Cu) (tedit 5B301BBE) (tstamp 5DBF6586)
    (at 118.43 97.51 180)
    (descr "Capacitor SMD 1210 (3225 Metric), square (rectangular) end terminal, IPC_7351 nominal with elongated pad for handsoldering. (Body size source: http://www.tortai-tech.com/upload/download/2011102023233369053.pdf), generated with kicad-footprint-generator")
    (tags "capacitor handsolder")
    (path /5D6EB2B2/5DF33146)
    (attr smd)
    (fp_text reference C7 (at 0 2.28 180) (layer B.SilkS)
      (effects (font (size 1 1) (thickness 0.15)) (justify mirror))
    )
    (fp_text value 10uF (at 0 -2.28 180) (layer B.Fab)
      (effects (font (size 1 1) (thickness 0.15)) (justify mirror))
    )
    (fp_text user %R (at 0 0 180) (layer B.Fab)
      (effects (font (size 0.8 0.8) (thickness 0.12)) (justify mirror))
    )
    (fp_line (start 2.45 -1.58) (end -2.45 -1.58) (layer B.CrtYd) (width 0.05))
    (fp_line (start 2.45 1.58) (end 2.45 -1.58) (layer B.CrtYd) (width 0.05))
    (fp_line (start -2.45 1.58) (end 2.45 1.58) (layer B.CrtYd) (width 0.05))
    (fp_line (start -2.45 -1.58) (end -2.45 1.58) (layer B.CrtYd) (width 0.05))
    (fp_line (start -0.602064 -1.36) (end 0.602064 -1.36) (layer B.SilkS) (width 0.12))
    (fp_line (start -0.602064 1.36) (end 0.602064 1.36) (layer B.SilkS) (width 0.12))
    (fp_line (start 1.6 -1.25) (end -1.6 -1.25) (layer B.Fab) (width 0.1))
    (fp_line (start 1.6 1.25) (end 1.6 -1.25) (layer B.Fab) (width 0.1))
    (fp_line (start -1.6 1.25) (end 1.6 1.25) (layer B.Fab) (width 0.1))
    (fp_line (start -1.6 -1.25) (end -1.6 1.25) (layer B.Fab) (width 0.1))
    (pad 2 smd roundrect (at 1.4875 0 180) (size 1.425 2.65) (layers B.Cu B.Paste B.Mask) (roundrect_rratio 0.175439)
      (net 1 GND))
    (pad 1 smd roundrect (at -1.4875 0 180) (size 1.425 2.65) (layers B.Cu B.Paste B.Mask) (roundrect_rratio 0.175439)
      (net 2 +24V))
    (model ${KISYS3DMOD}/Capacitor_SMD.3dshapes/C_1210_3225Metric.wrl
      (at (xyz 0 0 0))
      (scale (xyz 1 1 1))
      (rotate (xyz 0 0 0))
    )
  )

  (module Capacitor_SMD:C_1210_3225Metric_Pad1.42x2.65mm_HandSolder (layer B.Cu) (tedit 5B301BBE) (tstamp 5DBF6597)
    (at 118.43 92.51 180)
    (descr "Capacitor SMD 1210 (3225 Metric), square (rectangular) end terminal, IPC_7351 nominal with elongated pad for handsoldering. (Body size source: http://www.tortai-tech.com/upload/download/2011102023233369053.pdf), generated with kicad-footprint-generator")
    (tags "capacitor handsolder")
    (path /5D6EB2B2/5DF32CBC)
    (attr smd)
    (fp_text reference C8 (at 0 2.28 180) (layer B.SilkS)
      (effects (font (size 1 1) (thickness 0.15)) (justify mirror))
    )
    (fp_text value 10uF (at 0 -2.28 180) (layer B.Fab)
      (effects (font (size 1 1) (thickness 0.15)) (justify mirror))
    )
    (fp_text user %R (at 0 0 180) (layer B.Fab)
      (effects (font (size 0.8 0.8) (thickness 0.12)) (justify mirror))
    )
    (fp_line (start 2.45 -1.58) (end -2.45 -1.58) (layer B.CrtYd) (width 0.05))
    (fp_line (start 2.45 1.58) (end 2.45 -1.58) (layer B.CrtYd) (width 0.05))
    (fp_line (start -2.45 1.58) (end 2.45 1.58) (layer B.CrtYd) (width 0.05))
    (fp_line (start -2.45 -1.58) (end -2.45 1.58) (layer B.CrtYd) (width 0.05))
    (fp_line (start -0.602064 -1.36) (end 0.602064 -1.36) (layer B.SilkS) (width 0.12))
    (fp_line (start -0.602064 1.36) (end 0.602064 1.36) (layer B.SilkS) (width 0.12))
    (fp_line (start 1.6 -1.25) (end -1.6 -1.25) (layer B.Fab) (width 0.1))
    (fp_line (start 1.6 1.25) (end 1.6 -1.25) (layer B.Fab) (width 0.1))
    (fp_line (start -1.6 1.25) (end 1.6 1.25) (layer B.Fab) (width 0.1))
    (fp_line (start -1.6 -1.25) (end -1.6 1.25) (layer B.Fab) (width 0.1))
    (pad 2 smd roundrect (at 1.4875 0 180) (size 1.425 2.65) (layers B.Cu B.Paste B.Mask) (roundrect_rratio 0.175439)
      (net 1 GND))
    (pad 1 smd roundrect (at -1.4875 0 180) (size 1.425 2.65) (layers B.Cu B.Paste B.Mask) (roundrect_rratio 0.175439)
      (net 2 +24V))
    (model ${KISYS3DMOD}/Capacitor_SMD.3dshapes/C_1210_3225Metric.wrl
      (at (xyz 0 0 0))
      (scale (xyz 1 1 1))
      (rotate (xyz 0 0 0))
    )
  )

  (module Capacitor_SMD:C_1210_3225Metric_Pad1.42x2.65mm_HandSolder (layer B.Cu) (tedit 5B301BBE) (tstamp 5DBF65A8)
    (at 118.43 87.51 180)
    (descr "Capacitor SMD 1210 (3225 Metric), square (rectangular) end terminal, IPC_7351 nominal with elongated pad for handsoldering. (Body size source: http://www.tortai-tech.com/upload/download/2011102023233369053.pdf), generated with kicad-footprint-generator")
    (tags "capacitor handsolder")
    (path /5D6EB2B2/5DF32832)
    (attr smd)
    (fp_text reference C9 (at 0 2.28 180) (layer B.SilkS)
      (effects (font (size 1 1) (thickness 0.15)) (justify mirror))
    )
    (fp_text value 10uF (at 0 -2.28 180) (layer B.Fab)
      (effects (font (size 1 1) (thickness 0.15)) (justify mirror))
    )
    (fp_text user %R (at 0 0 180) (layer B.Fab)
      (effects (font (size 0.8 0.8) (thickness 0.12)) (justify mirror))
    )
    (fp_line (start 2.45 -1.58) (end -2.45 -1.58) (layer B.CrtYd) (width 0.05))
    (fp_line (start 2.45 1.58) (end 2.45 -1.58) (layer B.CrtYd) (width 0.05))
    (fp_line (start -2.45 1.58) (end 2.45 1.58) (layer B.CrtYd) (width 0.05))
    (fp_line (start -2.45 -1.58) (end -2.45 1.58) (layer B.CrtYd) (width 0.05))
    (fp_line (start -0.602064 -1.36) (end 0.602064 -1.36) (layer B.SilkS) (width 0.12))
    (fp_line (start -0.602064 1.36) (end 0.602064 1.36) (layer B.SilkS) (width 0.12))
    (fp_line (start 1.6 -1.25) (end -1.6 -1.25) (layer B.Fab) (width 0.1))
    (fp_line (start 1.6 1.25) (end 1.6 -1.25) (layer B.Fab) (width 0.1))
    (fp_line (start -1.6 1.25) (end 1.6 1.25) (layer B.Fab) (width 0.1))
    (fp_line (start -1.6 -1.25) (end -1.6 1.25) (layer B.Fab) (width 0.1))
    (pad 2 smd roundrect (at 1.4875 0 180) (size 1.425 2.65) (layers B.Cu B.Paste B.Mask) (roundrect_rratio 0.175439)
      (net 1 GND))
    (pad 1 smd roundrect (at -1.4875 0 180) (size 1.425 2.65) (layers B.Cu B.Paste B.Mask) (roundrect_rratio 0.175439)
      (net 2 +24V))
    (model ${KISYS3DMOD}/Capacitor_SMD.3dshapes/C_1210_3225Metric.wrl
      (at (xyz 0 0 0))
      (scale (xyz 1 1 1))
      (rotate (xyz 0 0 0))
    )
  )

  (module Capacitor_SMD:C_1210_3225Metric_Pad1.42x2.65mm_HandSolder (layer B.Cu) (tedit 5B301BBE) (tstamp 5DBF65B9)
    (at 118.43 82.51 180)
    (descr "Capacitor SMD 1210 (3225 Metric), square (rectangular) end terminal, IPC_7351 nominal with elongated pad for handsoldering. (Body size source: http://www.tortai-tech.com/upload/download/2011102023233369053.pdf), generated with kicad-footprint-generator")
    (tags "capacitor handsolder")
    (path /5D6EB2B2/5DF3211E)
    (attr smd)
    (fp_text reference C10 (at 0 2.28 180) (layer B.SilkS)
      (effects (font (size 1 1) (thickness 0.15)) (justify mirror))
    )
    (fp_text value 10uF (at 0 -2.28 180) (layer B.Fab)
      (effects (font (size 1 1) (thickness 0.15)) (justify mirror))
    )
    (fp_text user %R (at 0 0 180) (layer B.Fab)
      (effects (font (size 0.8 0.8) (thickness 0.12)) (justify mirror))
    )
    (fp_line (start 2.45 -1.58) (end -2.45 -1.58) (layer B.CrtYd) (width 0.05))
    (fp_line (start 2.45 1.58) (end 2.45 -1.58) (layer B.CrtYd) (width 0.05))
    (fp_line (start -2.45 1.58) (end 2.45 1.58) (layer B.CrtYd) (width 0.05))
    (fp_line (start -2.45 -1.58) (end -2.45 1.58) (layer B.CrtYd) (width 0.05))
    (fp_line (start -0.602064 -1.36) (end 0.602064 -1.36) (layer B.SilkS) (width 0.12))
    (fp_line (start -0.602064 1.36) (end 0.602064 1.36) (layer B.SilkS) (width 0.12))
    (fp_line (start 1.6 -1.25) (end -1.6 -1.25) (layer B.Fab) (width 0.1))
    (fp_line (start 1.6 1.25) (end 1.6 -1.25) (layer B.Fab) (width 0.1))
    (fp_line (start -1.6 1.25) (end 1.6 1.25) (layer B.Fab) (width 0.1))
    (fp_line (start -1.6 -1.25) (end -1.6 1.25) (layer B.Fab) (width 0.1))
    (pad 2 smd roundrect (at 1.4875 0 180) (size 1.425 2.65) (layers B.Cu B.Paste B.Mask) (roundrect_rratio 0.175439)
      (net 1 GND))
    (pad 1 smd roundrect (at -1.4875 0 180) (size 1.425 2.65) (layers B.Cu B.Paste B.Mask) (roundrect_rratio 0.175439)
      (net 2 +24V))
    (model ${KISYS3DMOD}/Capacitor_SMD.3dshapes/C_1210_3225Metric.wrl
      (at (xyz 0 0 0))
      (scale (xyz 1 1 1))
      (rotate (xyz 0 0 0))
    )
  )

  (module Capacitor_SMD:C_1210_3225Metric_Pad1.42x2.65mm_HandSolder (layer B.Cu) (tedit 5B301BBE) (tstamp 5DBF65CA)
    (at 118.43 77.51 180)
    (descr "Capacitor SMD 1210 (3225 Metric), square (rectangular) end terminal, IPC_7351 nominal with elongated pad for handsoldering. (Body size source: http://www.tortai-tech.com/upload/download/2011102023233369053.pdf), generated with kicad-footprint-generator")
    (tags "capacitor handsolder")
    (path /5D6EB2B2/5DF31BB3)
    (attr smd)
    (fp_text reference C11 (at 0 2.28 180) (layer B.SilkS)
      (effects (font (size 1 1) (thickness 0.15)) (justify mirror))
    )
    (fp_text value 10uF (at 0 -2.28 180) (layer B.Fab)
      (effects (font (size 1 1) (thickness 0.15)) (justify mirror))
    )
    (fp_text user %R (at 0 0 180) (layer B.Fab)
      (effects (font (size 0.8 0.8) (thickness 0.12)) (justify mirror))
    )
    (fp_line (start 2.45 -1.58) (end -2.45 -1.58) (layer B.CrtYd) (width 0.05))
    (fp_line (start 2.45 1.58) (end 2.45 -1.58) (layer B.CrtYd) (width 0.05))
    (fp_line (start -2.45 1.58) (end 2.45 1.58) (layer B.CrtYd) (width 0.05))
    (fp_line (start -2.45 -1.58) (end -2.45 1.58) (layer B.CrtYd) (width 0.05))
    (fp_line (start -0.602064 -1.36) (end 0.602064 -1.36) (layer B.SilkS) (width 0.12))
    (fp_line (start -0.602064 1.36) (end 0.602064 1.36) (layer B.SilkS) (width 0.12))
    (fp_line (start 1.6 -1.25) (end -1.6 -1.25) (layer B.Fab) (width 0.1))
    (fp_line (start 1.6 1.25) (end 1.6 -1.25) (layer B.Fab) (width 0.1))
    (fp_line (start -1.6 1.25) (end 1.6 1.25) (layer B.Fab) (width 0.1))
    (fp_line (start -1.6 -1.25) (end -1.6 1.25) (layer B.Fab) (width 0.1))
    (pad 2 smd roundrect (at 1.4875 0 180) (size 1.425 2.65) (layers B.Cu B.Paste B.Mask) (roundrect_rratio 0.175439)
      (net 1 GND))
    (pad 1 smd roundrect (at -1.4875 0 180) (size 1.425 2.65) (layers B.Cu B.Paste B.Mask) (roundrect_rratio 0.175439)
      (net 2 +24V))
    (model ${KISYS3DMOD}/Capacitor_SMD.3dshapes/C_1210_3225Metric.wrl
      (at (xyz 0 0 0))
      (scale (xyz 1 1 1))
      (rotate (xyz 0 0 0))
    )
  )

  (module Capacitor_SMD:C_1210_3225Metric_Pad1.42x2.65mm_HandSolder (layer B.Cu) (tedit 5B301BBE) (tstamp 5DBF65DB)
    (at 112.43 99.01)
    (descr "Capacitor SMD 1210 (3225 Metric), square (rectangular) end terminal, IPC_7351 nominal with elongated pad for handsoldering. (Body size source: http://www.tortai-tech.com/upload/download/2011102023233369053.pdf), generated with kicad-footprint-generator")
    (tags "capacitor handsolder")
    (path /5D6EB2B2/5DAB6950)
    (attr smd)
    (fp_text reference C12 (at 0 2.28 180) (layer B.SilkS)
      (effects (font (size 1 1) (thickness 0.15)) (justify mirror))
    )
    (fp_text value 10uF (at 0 -2.28 180) (layer B.Fab)
      (effects (font (size 1 1) (thickness 0.15)) (justify mirror))
    )
    (fp_text user %R (at 0 0 180) (layer B.Fab)
      (effects (font (size 0.8 0.8) (thickness 0.12)) (justify mirror))
    )
    (fp_line (start 2.45 -1.58) (end -2.45 -1.58) (layer B.CrtYd) (width 0.05))
    (fp_line (start 2.45 1.58) (end 2.45 -1.58) (layer B.CrtYd) (width 0.05))
    (fp_line (start -2.45 1.58) (end 2.45 1.58) (layer B.CrtYd) (width 0.05))
    (fp_line (start -2.45 -1.58) (end -2.45 1.58) (layer B.CrtYd) (width 0.05))
    (fp_line (start -0.602064 -1.36) (end 0.602064 -1.36) (layer B.SilkS) (width 0.12))
    (fp_line (start -0.602064 1.36) (end 0.602064 1.36) (layer B.SilkS) (width 0.12))
    (fp_line (start 1.6 -1.25) (end -1.6 -1.25) (layer B.Fab) (width 0.1))
    (fp_line (start 1.6 1.25) (end 1.6 -1.25) (layer B.Fab) (width 0.1))
    (fp_line (start -1.6 1.25) (end 1.6 1.25) (layer B.Fab) (width 0.1))
    (fp_line (start -1.6 -1.25) (end -1.6 1.25) (layer B.Fab) (width 0.1))
    (pad 2 smd roundrect (at 1.4875 0) (size 1.425 2.65) (layers B.Cu B.Paste B.Mask) (roundrect_rratio 0.175439)
      (net 1 GND))
    (pad 1 smd roundrect (at -1.4875 0) (size 1.425 2.65) (layers B.Cu B.Paste B.Mask) (roundrect_rratio 0.175439)
      (net 2 +24V))
    (model ${KISYS3DMOD}/Capacitor_SMD.3dshapes/C_1210_3225Metric.wrl
      (at (xyz 0 0 0))
      (scale (xyz 1 1 1))
      (rotate (xyz 0 0 0))
    )
  )

  (module Capacitor_SMD:C_1210_3225Metric_Pad1.42x2.65mm_HandSolder (layer B.Cu) (tedit 5B301BBE) (tstamp 5DBF65EC)
    (at 112.43 94.01)
    (descr "Capacitor SMD 1210 (3225 Metric), square (rectangular) end terminal, IPC_7351 nominal with elongated pad for handsoldering. (Body size source: http://www.tortai-tech.com/upload/download/2011102023233369053.pdf), generated with kicad-footprint-generator")
    (tags "capacitor handsolder")
    (path /5D6EB2B2/5DAB6F38)
    (attr smd)
    (fp_text reference C13 (at 0 2.28 180) (layer B.SilkS)
      (effects (font (size 1 1) (thickness 0.15)) (justify mirror))
    )
    (fp_text value 10uF (at 0 -2.28 180) (layer B.Fab)
      (effects (font (size 1 1) (thickness 0.15)) (justify mirror))
    )
    (fp_text user %R (at 0 0 180) (layer B.Fab)
      (effects (font (size 0.8 0.8) (thickness 0.12)) (justify mirror))
    )
    (fp_line (start 2.45 -1.58) (end -2.45 -1.58) (layer B.CrtYd) (width 0.05))
    (fp_line (start 2.45 1.58) (end 2.45 -1.58) (layer B.CrtYd) (width 0.05))
    (fp_line (start -2.45 1.58) (end 2.45 1.58) (layer B.CrtYd) (width 0.05))
    (fp_line (start -2.45 -1.58) (end -2.45 1.58) (layer B.CrtYd) (width 0.05))
    (fp_line (start -0.602064 -1.36) (end 0.602064 -1.36) (layer B.SilkS) (width 0.12))
    (fp_line (start -0.602064 1.36) (end 0.602064 1.36) (layer B.SilkS) (width 0.12))
    (fp_line (start 1.6 -1.25) (end -1.6 -1.25) (layer B.Fab) (width 0.1))
    (fp_line (start 1.6 1.25) (end 1.6 -1.25) (layer B.Fab) (width 0.1))
    (fp_line (start -1.6 1.25) (end 1.6 1.25) (layer B.Fab) (width 0.1))
    (fp_line (start -1.6 -1.25) (end -1.6 1.25) (layer B.Fab) (width 0.1))
    (pad 2 smd roundrect (at 1.4875 0) (size 1.425 2.65) (layers B.Cu B.Paste B.Mask) (roundrect_rratio 0.175439)
      (net 1 GND))
    (pad 1 smd roundrect (at -1.4875 0) (size 1.425 2.65) (layers B.Cu B.Paste B.Mask) (roundrect_rratio 0.175439)
      (net 2 +24V))
    (model ${KISYS3DMOD}/Capacitor_SMD.3dshapes/C_1210_3225Metric.wrl
      (at (xyz 0 0 0))
      (scale (xyz 1 1 1))
      (rotate (xyz 0 0 0))
    )
  )

  (module Capacitor_SMD:C_1210_3225Metric_Pad1.42x2.65mm_HandSolder (layer B.Cu) (tedit 5B301BBE) (tstamp 5DBF65FD)
    (at 112.43 89.01)
    (descr "Capacitor SMD 1210 (3225 Metric), square (rectangular) end terminal, IPC_7351 nominal with elongated pad for handsoldering. (Body size source: http://www.tortai-tech.com/upload/download/2011102023233369053.pdf), generated with kicad-footprint-generator")
    (tags "capacitor handsolder")
    (path /5D6EB2B2/5DAB72AF)
    (attr smd)
    (fp_text reference C14 (at 0 2.28 180) (layer B.SilkS)
      (effects (font (size 1 1) (thickness 0.15)) (justify mirror))
    )
    (fp_text value 10uF (at 0 -2.28 180) (layer B.Fab)
      (effects (font (size 1 1) (thickness 0.15)) (justify mirror))
    )
    (fp_text user %R (at 0 0 180) (layer B.Fab)
      (effects (font (size 0.8 0.8) (thickness 0.12)) (justify mirror))
    )
    (fp_line (start 2.45 -1.58) (end -2.45 -1.58) (layer B.CrtYd) (width 0.05))
    (fp_line (start 2.45 1.58) (end 2.45 -1.58) (layer B.CrtYd) (width 0.05))
    (fp_line (start -2.45 1.58) (end 2.45 1.58) (layer B.CrtYd) (width 0.05))
    (fp_line (start -2.45 -1.58) (end -2.45 1.58) (layer B.CrtYd) (width 0.05))
    (fp_line (start -0.602064 -1.36) (end 0.602064 -1.36) (layer B.SilkS) (width 0.12))
    (fp_line (start -0.602064 1.36) (end 0.602064 1.36) (layer B.SilkS) (width 0.12))
    (fp_line (start 1.6 -1.25) (end -1.6 -1.25) (layer B.Fab) (width 0.1))
    (fp_line (start 1.6 1.25) (end 1.6 -1.25) (layer B.Fab) (width 0.1))
    (fp_line (start -1.6 1.25) (end 1.6 1.25) (layer B.Fab) (width 0.1))
    (fp_line (start -1.6 -1.25) (end -1.6 1.25) (layer B.Fab) (width 0.1))
    (pad 2 smd roundrect (at 1.4875 0) (size 1.425 2.65) (layers B.Cu B.Paste B.Mask) (roundrect_rratio 0.175439)
      (net 1 GND))
    (pad 1 smd roundrect (at -1.4875 0) (size 1.425 2.65) (layers B.Cu B.Paste B.Mask) (roundrect_rratio 0.175439)
      (net 2 +24V))
    (model ${KISYS3DMOD}/Capacitor_SMD.3dshapes/C_1210_3225Metric.wrl
      (at (xyz 0 0 0))
      (scale (xyz 1 1 1))
      (rotate (xyz 0 0 0))
    )
  )

  (module Capacitor_SMD:C_1210_3225Metric_Pad1.42x2.65mm_HandSolder (layer B.Cu) (tedit 5B301BBE) (tstamp 5DBF660E)
    (at 112.43 84.01)
    (descr "Capacitor SMD 1210 (3225 Metric), square (rectangular) end terminal, IPC_7351 nominal with elongated pad for handsoldering. (Body size source: http://www.tortai-tech.com/upload/download/2011102023233369053.pdf), generated with kicad-footprint-generator")
    (tags "capacitor handsolder")
    (path /5D6EB2B2/5DAB7833)
    (attr smd)
    (fp_text reference C15 (at 0 2.28 180) (layer B.SilkS)
      (effects (font (size 1 1) (thickness 0.15)) (justify mirror))
    )
    (fp_text value 10uF (at 0 -2.28 180) (layer B.Fab)
      (effects (font (size 1 1) (thickness 0.15)) (justify mirror))
    )
