(kicad_pcb (version 20171130) (host pcbnew "(5.1.5)-3")

  (general
    (thickness 1.6)
    (drawings 0)
    (tracks 2)
    (zones 0)
    (modules 322)
    (nets 295)
  )

  (page A4)
  (layers
    (0 F.Cu signal)
    (31 B.Cu signal)
    (32 B.Adhes user)
    (33 F.Adhes user)
    (34 B.Paste user)
    (35 F.Paste user)
    (36 B.SilkS user)
    (37 F.SilkS user)
    (38 B.Mask user)
    (39 F.Mask user)
    (40 Dwgs.User user)
    (41 Cmts.User user)
    (42 Eco1.User user)
    (43 Eco2.User user)
    (44 Edge.Cuts user)
    (45 Margin user)
    (46 B.CrtYd user)
    (47 F.CrtYd user)
    (48 B.Fab user)
    (49 F.Fab user)
  )

  (setup
    (last_trace_width 0.25)
    (trace_clearance 0.2)
    (zone_clearance 0.508)
    (zone_45_only no)
    (trace_min 0.2)
    (via_size 0.8)
    (via_drill 0.4)
    (via_min_size 0.4)
    (via_min_drill 0.3)
    (uvia_size 0.3)
    (uvia_drill 0.1)
    (uvias_allowed no)
    (uvia_min_size 0.2)
    (uvia_min_drill 0.1)
    (edge_width 0.05)
    (segment_width 0.2)
    (pcb_text_width 0.3)
    (pcb_text_size 1.5 1.5)
    (mod_edge_width 0.12)
    (mod_text_size 1 1)
    (mod_text_width 0.15)
    (pad_size 1.524 1.524)
    (pad_drill 0.762)
    (pad_to_mask_clearance 0.051)
    (solder_mask_min_width 0.25)
    (aux_axis_origin 0 0)
    (visible_elements 7FFFFFFF)
    (pcbplotparams
      (layerselection 0x010fc_ffffffff)
      (usegerberextensions false)
      (usegerberattributes false)
      (usegerberadvancedattributes false)
      (creategerberjobfile false)
      (excludeedgelayer true)
      (linewidth 0.100000)
      (plotframeref false)
      (viasonmask false)
      (mode 1)
      (useauxorigin false)
      (hpglpennumber 1)
      (hpglpenspeed 20)
      (hpglpendiameter 15.000000)
      (psnegative false)
      (psa4output false)
      (plotreference true)
      (plotvalue true)
      (plotinvisibletext false)
      (padsonsilk false)
      (subtractmaskfromsilk false)
      (outputformat 1)
      (mirror false)
      (drillshape 1)
      (scaleselection 1)
      (outputdirectory ""))
  )

  (net 0 "")
  (net 1 "Net-(C100-Pad1)")
  (net 2 GND)
  (net 3 "Net-(C101-Pad1)")
  (net 4 +3V3)
  (net 5 VDDA)
  (net 6 /MCU/~RESET)
  (net 7 /MCU/USR_BUTTON)
  (net 8 "/South(Master)_BQ/SOUTH_TAP_CELL5_FILT")
  (net 9 "/South(Master)_BQ/SOUTH_TAP_CELL6_FILT")
  (net 10 "/South(Master)_BQ/SOUTH_TAP_CELL4_FILT")
  (net 11 "/South(Master)_BQ/SOUTH_TAP_CELL3_FILT")
  (net 12 "/South(Master)_BQ/SOUTH_TAP_CELL2_FILT")
  (net 13 "/South(Master)_BQ/SOUTH_TAP_CELL1_FILT")
  (net 14 "/South(Master)_BQ/SOUTH_TAP_CELL0_FILT")
  (net 15 "/South(Master)_BQ/SOUTH_BAL_CELL6_FILT")
  (net 16 "/South(Master)_BQ/SOUTH_BAL_CELL5_FILT")
  (net 17 "/South(Master)_BQ/SOUTH_BAL_CELL4_FILT")
  (net 18 "/South(Master)_BQ/SOUTH_BAL_CELL3_FILT")
  (net 19 "/South(Master)_BQ/SOUTH_BAL_CELL2_FILT")
  (net 20 "/South(Master)_BQ/SOUTH_BAL_CELL1_FILT")
  (net 21 "/South(Master)_BQ/SOUTH_BAL_CELL0_FILT")
  (net 22 "Net-(C214-Pad2)")
  (net 23 "Net-(C214-Pad1)")
  (net 24 "Net-(C215-Pad2)")
  (net 25 "Net-(C215-Pad1)")
  (net 26 "/South(Master)_BQ/SOUTH_COMH_N")
  (net 27 "/South(Master)_BQ/NORTH_COML_N")
  (net 28 "/South(Master)_BQ/SOUTH_FAULTH_N")
  (net 29 "Net-(C221-Pad1)")
  (net 30 "Net-(C221-Pad2)")
  (net 31 "Net-(C223-Pad2)")
  (net 32 "Net-(C223-Pad1)")
  (net 33 "/South(Master)_BQ/NORTH_FAULTL_N")
  (net 34 "Net-(C226-Pad1)")
  (net 35 "Net-(C228-Pad1)")
  (net 36 "Net-(C229-Pad1)")
  (net 37 "Net-(C230-Pad1)")
  (net 38 "Net-(C231-Pad1)")
  (net 39 "/South(Master)_BQ/SOUTH_LDOIN")
  (net 40 "/South(Master)_BQ/SOUTH_BAT")
  (net 41 "/South(Master)_BQ/SOUTH_THERM_FILT_1")
  (net 42 "/South(Master)_BQ/SOUTH_THERM_FILT_3")
  (net 43 "/South(Master)_BQ/SOUTH_THERM_FILT_5")
  (net 44 "/South(Master)_BQ/SOUTH_THERM_FILT_2")
  (net 45 "/South(Master)_BQ/SOUTH_THERM_FILT_4")
  (net 46 "/South(Master)_BQ/SOUTH_THERM_FILT_6")
  (net 47 /NORTH_BQ/NORTH_TAP_CELL5_FILT)
  (net 48 /NORTH_BQ/NORTH_TAP_CELL6_FILT)
  (net 49 /NORTH_BQ/NORTH_TAP_CELL4_FILT)
  (net 50 /NORTH_BQ/NORTH_TAP_CELL3_FILT)
  (net 51 "Net-(C303-Pad2)")
  (net 52 /NORTH_BQ/NORTH_TAP_CELL1_FILT)
  (net 53 /NORTH_BQ/NORTH_TAP_CELL0_FILT)
  (net 54 /NORTH_BQ/NORTH_BAL_CELL6_FILT)
  (net 55 /NORTH_BQ/NORTH_BAL_CELL5_FILT)
  (net 56 /NORTH_BQ/NORTH_BAL_CELL4_FILT)
  (net 57 /NORTH_BQ/NORTH_BAL_CELL3_FILT)
  (net 58 /NORTH_BQ/NORTH_BAL_CELL2_FILT)
  (net 59 /NORTH_BQ/NORTH_BAL_CELL1_FILT)
  (net 60 /NORTH_BQ/NORTH_BAL_CELL0_FILT)
  (net 61 /NORTH_BQ/NORTH_COMH_N)
  (net 62 "Net-(C315-Pad2)")
  (net 63 "Net-(C316-Pad2)")
  (net 64 /NORTH_BQ/SOUTH_COMN_N)
  (net 65 "Net-(C319-Pad1)")
  (net 66 "Net-(C319-Pad2)")
  (net 67 /NORTH_BQ/NORTH_FAULTH_N)
  (net 68 "Net-(C321-Pad2)")
  (net 69 "Net-(C322-Pad2)")
  (net 70 /NORTH_BQ/SOUTH_FAULTN_N)
  (net 71 "Net-(C324-Pad1)")
  (net 72 "Net-(C324-Pad2)")
  (net 73 /NORTH_BQ/NORTH_LDOIN)
  (net 74 /NORTH_BQ/NORTH_BAT)
  (net 75 "Net-(C328-Pad1)")
  (net 76 "Net-(C330-Pad1)")
  (net 77 "Net-(C331-Pad1)")
  (net 78 "Net-(C332-Pad1)")
  (net 79 /NORTH_BQ/NORTH_THERM_FILT_1)
  (net 80 /NORTH_BQ/NORTH_THERM_FILT_3)
  (net 81 /NORTH_BQ/NORTH_THERM_FILT_5)
  (net 82 /NORTH_BQ/NORTH_THERM_FILT_2)
  (net 83 /NORTH_BQ/NORTH_THERM_FILT_4)
  (net 84 /NORTH_BQ/NORTH_THERM_FILT_6)
  (net 85 /INPUT_OUTPUT/I_CHG)
  (net 86 /INPUT_OUTPUT/V_CHG)
  (net 87 /INPUT_OUTPUT/I_DIS)
  (net 88 /INPUT_OUTPUT/V_DIS)
  (net 89 /INPUT_OUTPUT/I_BATT)
  (net 90 /INPUT_OUTPUT/V_BATT)
  (net 91 /MCU/DIAGS_RX_N)
  (net 92 /MCU/DIAGS_TX_P)
  (net 93 /MCU/JTAG_TDI)
  (net 94 "Net-(J100-Pad4)")
  (net 95 /MCU/JTAG_TDO)
  (net 96 /MCU/JTAG_SWDIO\TMS)
  (net 97 /MCU/JTAG_SWDCLK\TCK)
  (net 98 /MCU/JTAG_NRST)
  (net 99 /MCU/CAN_H_P)
  (net 100 /MCU/CAN_L_N)
  (net 101 /MCU/CAN_SH)
  (net 102 "Net-(J102-Pad4)")
  (net 103 /INPUT_OUTPUT/CHG_ON)
  (net 104 "Net-(Q400-Pad3)")
  (net 105 /INPUT_OUTPUT/DIS_ON)
  (net 106 "Net-(Q401-Pad3)")
  (net 107 "Net-(Q402-Pad3)")
  (net 108 /INPUT_OUTPUT/BATT_ON)
  (net 109 "Net-(H0-Pad1)")
  (net 110 "Net-(H1-Pad1)")
  (net 111 "Net-(H2-Pad1)")
  (net 112 "Net-(H3-Pad1)")
  (net 113 "Net-(D100-Pad2)")
  (net 114 /MCU/I_DIS_J)
  (net 115 /MCU/V_DIS_J)
  (net 116 /MCU/I_CHG_J)
  (net 117 /MCU/V_BATT_J)
  (net 118 /MCU/I_BATT_J)
  (net 119 /MCU/V_CHG_J)
  (net 120 /MCU/DIS_ON_J)
  (net 121 /MCU/CHG_ON_J)
  (net 122 /MCU/BATT_ON_J)
  (net 123 /MCU/STM32_RX)
  (net 124 /MCU/STM32_TX)
  (net 125 /MCU/~BMS_FAULT_J)
  (net 126 /MCU/~BMS_FAULT)
  (net 127 /MCU/BMS_WAKEUP)
  (net 128 /MCU/BMS_WAKEUP_J)
  (net 129 "Net-(JP100-Pad2)")
  (net 130 /MCU/CHG_LED)
  (net 131 "Net-(D104-Pad2)")
  (net 132 /MCU/DIS_LED)
  (net 133 "Net-(D105-Pad2)")
  (net 134 /MCU/BATT_LED)
  (net 135 "Net-(D106-Pad2)")
  (net 136 /MCU/SM0)
  (net 137 "Net-(D107-Pad2)")
  (net 138 "Net-(D108-Pad2)")
  (net 139 /MCU/SM1)
  (net 140 "Net-(R123-Pad2)")
  (net 141 "/South(Master)_BQ/SOUTH_COMH_P")
  (net 142 "/South(Master)_BQ/NORTH_COML_P")
  (net 143 "/South(Master)_BQ/SOUTH_FAULTH_P")
  (net 144 "/South(Master)_BQ/NORTH_FAULTL_P")
  (net 145 +BATT)
  (net 146 "/South(Master)_BQ/STM32_RX")
  (net 147 "/South(Master)_BQ/STM32_TX")
  (net 148 "/South(Master)_BQ/~BMS_FAULT")
  (net 149 "/South(Master)_BQ/BMS_WAKEUP")
  (net 150 /NORTH_BQ/NORTH_COMH_P)
  (net 151 /NORTH_BQ/SOUTH_COMN_P)
  (net 152 /NORTH_BQ/NORTH_FAULTH_P)
  (net 153 /NORTH_BQ/SOUTH_FAULTN_P)
  (net 154 "Net-(R328-Pad1)")
  (net 155 "Net-(R328-Pad2)")
  (net 156 "Net-(R329-Pad1)")
  (net 157 /INPUT_OUTPUT/CHG_FAULT)
  (net 158 /INPUT_OUTPUT/CHG_MSRD)
  (net 159 "Net-(R404-Pad1)")
  (net 160 "Net-(R405-Pad1)")
  (net 161 "Net-(R406-Pad1)")
  (net 162 "Net-(R407-Pad1)")
  (net 163 /INPUT_OUTPUT/DIS_FAULT)
  (net 164 /INPUT_OUTPUT/DIS_MSRD)
  (net 165 /INPUT_OUTPUT/BATT_FAULT)
  (net 166 "Net-(R416-Pad1)")
  (net 167 "Net-(R417-Pad1)")
  (net 168 /NORTH_BQ/NORTH_TAP_CELL2_FILT)
  (net 169 /NORTH_BQ/NORTH_COML_N)
  (net 170 /NORTH_BQ/NORTH_COML_P)
  (net 171 /NORTH_BQ/NORTH_FAULTL_P)
  (net 172 /NORTH_BQ/NORTH_FAULTL_N)
  (net 173 "Net-(U1-Pad34)")
  (net 174 "Net-(U1-Pad38)")
  (net 175 "Net-(U1-Pad40)")
  (net 176 "Net-(U1-Pad42)")
  (net 177 "Net-(U1-Pad47)")
  (net 178 "Net-(U100-Pad2)")
  (net 179 "Net-(U100-Pad3)")
  (net 180 "Net-(U100-Pad7)")
  (net 181 "Net-(U101-Pad2)")
  (net 182 /MCU/XTAL32_IN_P)
  (net 183 /MCU/XTAL32_OUT_N)
  (net 184 "Net-(U101-Pad8)")
  (net 185 "Net-(U101-Pad9)")
  (net 186 "Net-(U101-Pad10)")
  (net 187 "Net-(U101-Pad11)")
  (net 188 "Net-(U101-Pad14)")
  (net 189 "Net-(U101-Pad15)")
  (net 190 "Net-(U101-Pad16)")
  (net 191 "Net-(U101-Pad17)")
  (net 192 "Net-(U101-Pad20)")
  (net 193 "Net-(U101-Pad21)")
  (net 194 "Net-(U101-Pad22)")
  (net 195 "Net-(U101-Pad23)")
  (net 196 "Net-(U101-Pad26)")
  (net 197 "Net-(U101-Pad27)")
  (net 198 "Net-(U101-Pad28)")
  (net 199 "Net-(U101-Pad33)")
  (net 200 "Net-(U101-Pad34)")
  (net 201 "Net-(U101-Pad35)")
  (net 202 "Net-(U101-Pad36)")
  (net 203 "Net-(U101-Pad37)")
  (net 204 "Net-(U101-Pad38)")
  (net 205 "Net-(U101-Pad39)")
  (net 206 "Net-(U101-Pad40)")
  (net 207 "Net-(U101-Pad41)")
  (net 208 "Net-(U101-Pad42)")
  (net 209 "Net-(U101-Pad43)")
  (net 210 /MCU/CAN_RX_P)
  (net 211 /MCU/CAN_TX_N)
  (net 212 "Net-(U101-Pad51)")
  (net 213 "Net-(U101-Pad52)")
  (net 214 "Net-(U101-Pad53)")
  (net 215 "Net-(U101-Pad54)")
  (net 216 "Net-(U101-Pad57)")
  (net 217 "Net-(U101-Pad58)")
  (net 218 "Net-(U101-Pad59)")
  (net 219 "Net-(U101-Pad61)")
  (net 220 "Net-(U101-Pad62)")
  (net 221 /MCU/CAN_TX_P)
  (net 222 /MCU/CAN_RX_N)
  (net 223 "Net-(U102-Pad5)")
  (net 224 "Net-(U102-Pad8)")
  (net 225 "Net-(U200-Pad47)")
  (net 226 "Net-(U200-Pad38)")
  (net 227 "Net-(U200-Pad34)")
  (net 228 "/South(Master)_BQ/SOUTH_FAULTN_N")
  (net 229 "/South(Master)_BQ/SOUTH_FAULTN_P")
  (net 230 "/South(Master)_BQ/SOUTH_COMN_P")
  (net 231 "/South(Master)_BQ/SOUTH_COMN_N")
  (net 232 "Net-(U400-Pad10)")
  (net 233 "Net-(U400-Pad9)")
  (net 234 "Net-(U400-Pad7)")
  (net 235 "Net-(U400-Pad8)")
  (net 236 /INPUT_OUTPUT/CHG_RAW)
  (net 237 /INPUT_OUTPUT/BATT_RAW)
  (net 238 "Net-(U402-Pad8)")
  (net 239 "Net-(U402-Pad7)")
  (net 240 "Net-(U402-Pad9)")
  (net 241 "Net-(U402-Pad10)")
  (net 242 "Net-(U405-Pad10)")
  (net 243 "Net-(U405-Pad9)")
  (net 244 "Net-(U405-Pad7)")
  (net 245 "Net-(U405-Pad8)")
  (net 246 /INPUT_OUTPUT/DIS_RAW)
  (net 247 /INPUT_OUTPUT/MIXED_PWR_PLANE)
  (net 248 "Net-(F400-Pad1)")
  (net 249 "Net-(F401-Pad2)")
  (net 250 "Net-(F402-Pad1)")
  (net 251 "Net-(TP100-Pad1)")
  (net 252 /MCU/XTAL_IN_P)
  (net 253 GNDS)
  (net 254 /MCU/XTAL_OUT_N)
  (net 255 "Net-(R9-Pad2)")
  (net 256 "Net-(R10-Pad2)")
  (net 257 /MCU/STM32_RX_P)
  (net 258 /MCU/STM32_TX_N)
  (net 259 "Net-(J500-Pad20)")
  (net 260 "Net-(J501-Pad20)")
  (net 261 SOUTH_CELL_6)
  (net 262 SOUTH_CELL_5)
  (net 263 SOUTH_CELL_3)
  (net 264 SOUTH_CELL_2)
  (net 265 SOUTH_CELL_1)
  (net 266 SOUTH_CELL_0)
  (net 267 SOUTH_THERM1_P)
  (net 268 SOUTH_THERM1_N)
  (net 269 SOUTH_THERM2_N)
  (net 270 SOUTH_THERM3_N)
  (net 271 SOUTH_THERM4_N)
  (net 272 SOUTH_THERM5_N)
  (net 273 SOUTH_THERM6_N)
  (net 274 NORTH_THERM6_N)
  (net 275 NORTH_THERM1_P)
  (net 276 NORTH_THERM5_N)
  (net 277 NORTH_THERM4_N)
  (net 278 NORTH_THERM3_N)
  (net 279 NORTH_THERM2_N)
  (net 280 NORTH_THERM1_N)
  (net 281 NORTH_CELL_0)
  (net 282 NORTH_CELL_2)
  (net 283 NORTH_CELL_3)
  (net 284 NORTH_CELL_5)
  (net 285 NORTH_CELL_6)
  (net 286 /MCU/A1)
  (net 287 /MCU/A2)
  (net 288 /MCU/A3)
  (net 289 /MCU/A4)
  (net 290 /MCU/A5)
  (net 291 /MCU/A6)
  (net 292 /MCU/A7)
  (net 293 /MCU/A9)
  (net 294 /MCU/A11)

  (net_class Default "This is the default net class."
    (clearance 0.2)
    (trace_width 0.25)
    (via_dia 0.8)
    (via_drill 0.4)
    (uvia_dia 0.3)
    (uvia_drill 0.1)
    (add_net +3V3)
    (add_net +BATT)
    (add_net /INPUT_OUTPUT/BATT_FAULT)
    (add_net /INPUT_OUTPUT/BATT_ON)
    (add_net /INPUT_OUTPUT/BATT_RAW)
    (add_net /INPUT_OUTPUT/CHG_FAULT)
    (add_net /INPUT_OUTPUT/CHG_MSRD)
    (add_net /INPUT_OUTPUT/CHG_ON)
    (add_net /INPUT_OUTPUT/CHG_RAW)
    (add_net /INPUT_OUTPUT/DIS_FAULT)
    (add_net /INPUT_OUTPUT/DIS_MSRD)
    (add_net /INPUT_OUTPUT/DIS_ON)
    (add_net /INPUT_OUTPUT/DIS_RAW)
    (add_net /INPUT_OUTPUT/I_BATT)
    (add_net /INPUT_OUTPUT/I_CHG)
    (add_net /INPUT_OUTPUT/I_DIS)
    (add_net /INPUT_OUTPUT/MIXED_PWR_PLANE)
    (add_net /INPUT_OUTPUT/V_BATT)
    (add_net /INPUT_OUTPUT/V_CHG)
    (add_net /INPUT_OUTPUT/V_DIS)
    (add_net /MCU/A1)
    (add_net /MCU/A11)
    (add_net /MCU/A2)
    (add_net /MCU/A3)
    (add_net /MCU/A4)
    (add_net /MCU/A5)
    (add_net /MCU/A6)
    (add_net /MCU/A7)
    (add_net /MCU/A9)
    (add_net /MCU/BATT_LED)
    (add_net /MCU/BATT_ON_J)
    (add_net /MCU/BMS_WAKEUP)
    (add_net /MCU/BMS_WAKEUP_J)
    (add_net /MCU/CAN_H_P)
    (add_net /MCU/CAN_L_N)
    (add_net /MCU/CAN_RX_N)
    (add_net /MCU/CAN_RX_P)
    (add_net /MCU/CAN_SH)
    (add_net /MCU/CAN_TX_N)
    (add_net /MCU/CAN_TX_P)
    (add_net /MCU/CHG_LED)
    (add_net /MCU/CHG_ON_J)
    (add_net /MCU/DIAGS_RX_N)
    (add_net /MCU/DIAGS_TX_P)
    (add_net /MCU/DIS_LED)
    (add_net /MCU/DIS_ON_J)
    (add_net /MCU/I_BATT_J)
    (add_net /MCU/I_CHG_J)
    (add_net /MCU/I_DIS_J)
    (add_net /MCU/JTAG_NRST)
    (add_net /MCU/JTAG_SWDCLK\TCK)
    (add_net /MCU/JTAG_SWDIO\TMS)
    (add_net /MCU/JTAG_TDI)
    (add_net /MCU/JTAG_TDO)
    (add_net /MCU/SM0)
    (add_net /MCU/SM1)
    (add_net /MCU/STM32_RX)
    (add_net /MCU/STM32_RX_P)
    (add_net /MCU/STM32_TX)
    (add_net /MCU/STM32_TX_N)
    (add_net /MCU/USR_BUTTON)
    (add_net /MCU/V_BATT_J)
    (add_net /MCU/V_CHG_J)
    (add_net /MCU/V_DIS_J)
    (add_net /MCU/XTAL32_IN_P)
    (add_net /MCU/XTAL32_OUT_N)
    (add_net /MCU/XTAL_IN_P)
    (add_net /MCU/XTAL_OUT_N)
    (add_net /MCU/~BMS_FAULT)
    (add_net /MCU/~BMS_FAULT_J)
    (add_net /MCU/~RESET)
    (add_net /NORTH_BQ/NORTH_BAL_CELL0_FILT)
    (add_net /NORTH_BQ/NORTH_BAL_CELL1_FILT)
    (add_net /NORTH_BQ/NORTH_BAL_CELL2_FILT)
    (add_net /NORTH_BQ/NORTH_BAL_CELL3_FILT)
    (add_net /NORTH_BQ/NORTH_BAL_CELL4_FILT)
    (add_net /NORTH_BQ/NORTH_BAL_CELL5_FILT)
    (add_net /NORTH_BQ/NORTH_BAL_CELL6_FILT)
    (add_net /NORTH_BQ/NORTH_BAT)
    (add_net /NORTH_BQ/NORTH_COMH_N)
    (add_net /NORTH_BQ/NORTH_COMH_P)
    (add_net /NORTH_BQ/NORTH_COML_N)
    (add_net /NORTH_BQ/NORTH_COML_P)
    (add_net /NORTH_BQ/NORTH_FAULTH_N)
    (add_net /NORTH_BQ/NORTH_FAULTH_P)
    (add_net /NORTH_BQ/NORTH_FAULTL_N)
    (add_net /NORTH_BQ/NORTH_FAULTL_P)
    (add_net /NORTH_BQ/NORTH_LDOIN)
    (add_net /NORTH_BQ/NORTH_TAP_CELL0_FILT)
    (add_net /NORTH_BQ/NORTH_TAP_CELL1_FILT)
    (add_net /NORTH_BQ/NORTH_TAP_CELL2_FILT)
    (add_net /NORTH_BQ/NORTH_TAP_CELL3_FILT)
    (add_net /NORTH_BQ/NORTH_TAP_CELL4_FILT)
    (add_net /NORTH_BQ/NORTH_TAP_CELL5_FILT)
    (add_net /NORTH_BQ/NORTH_TAP_CELL6_FILT)
    (add_net /NORTH_BQ/NORTH_THERM_FILT_1)
    (add_net /NORTH_BQ/NORTH_THERM_FILT_2)
    (add_net /NORTH_BQ/NORTH_THERM_FILT_3)
    (add_net /NORTH_BQ/NORTH_THERM_FILT_4)
    (add_net /NORTH_BQ/NORTH_THERM_FILT_5)
    (add_net /NORTH_BQ/NORTH_THERM_FILT_6)
    (add_net /NORTH_BQ/SOUTH_COMN_N)
    (add_net /NORTH_BQ/SOUTH_COMN_P)
    (add_net /NORTH_BQ/SOUTH_FAULTN_N)
    (add_net /NORTH_BQ/SOUTH_FAULTN_P)
    (add_net "/South(Master)_BQ/BMS_WAKEUP")
    (add_net "/South(Master)_BQ/NORTH_COML_N")
    (add_net "/South(Master)_BQ/NORTH_COML_P")
    (add_net "/South(Master)_BQ/NORTH_FAULTL_N")
    (add_net "/South(Master)_BQ/NORTH_FAULTL_P")
    (add_net "/South(Master)_BQ/SOUTH_BAL_CELL0_FILT")
    (add_net "/South(Master)_BQ/SOUTH_BAL_CELL1_FILT")
    (add_net "/South(Master)_BQ/SOUTH_BAL_CELL2_FILT")
    (add_net "/South(Master)_BQ/SOUTH_BAL_CELL3_FILT")
    (add_net "/South(Master)_BQ/SOUTH_BAL_CELL4_FILT")
    (add_net "/South(Master)_BQ/SOUTH_BAL_CELL5_FILT")
    (add_net "/South(Master)_BQ/SOUTH_BAL_CELL6_FILT")
    (add_net "/South(Master)_BQ/SOUTH_BAT")
    (add_net "/South(Master)_BQ/SOUTH_COMH_N")
    (add_net "/South(Master)_BQ/SOUTH_COMH_P")
    (add_net "/South(Master)_BQ/SOUTH_COMN_N")
    (add_net "/South(Master)_BQ/SOUTH_COMN_P")
    (add_net "/South(Master)_BQ/SOUTH_FAULTH_N")
    (add_net "/South(Master)_BQ/SOUTH_FAULTH_P")
    (add_net "/South(Master)_BQ/SOUTH_FAULTN_N")
    (add_net "/South(Master)_BQ/SOUTH_FAULTN_P")
    (add_net "/South(Master)_BQ/SOUTH_LDOIN")
    (add_net "/South(Master)_BQ/SOUTH_TAP_CELL0_FILT")
    (add_net "/South(Master)_BQ/SOUTH_TAP_CELL1_FILT")
    (add_net "/South(Master)_BQ/SOUTH_TAP_CELL2_FILT")
    (add_net "/South(Master)_BQ/SOUTH_TAP_CELL3_FILT")
    (add_net "/South(Master)_BQ/SOUTH_TAP_CELL4_FILT")
    (add_net "/South(Master)_BQ/SOUTH_TAP_CELL5_FILT")
    (add_net "/South(Master)_BQ/SOUTH_TAP_CELL6_FILT")
    (add_net "/South(Master)_BQ/SOUTH_THERM_FILT_1")
    (add_net "/South(Master)_BQ/SOUTH_THERM_FILT_2")
    (add_net "/South(Master)_BQ/SOUTH_THERM_FILT_3")
    (add_net "/South(Master)_BQ/SOUTH_THERM_FILT_4")
    (add_net "/South(Master)_BQ/SOUTH_THERM_FILT_5")
    (add_net "/South(Master)_BQ/SOUTH_THERM_FILT_6")
    (add_net "/South(Master)_BQ/STM32_RX")
    (add_net "/South(Master)_BQ/STM32_TX")
    (add_net "/South(Master)_BQ/~BMS_FAULT")
    (add_net GND)
    (add_net GNDS)
    (add_net NORTH_CELL_0)
    (add_net NORTH_CELL_2)
    (add_net NORTH_CELL_3)
    (add_net NORTH_CELL_5)
    (add_net NORTH_CELL_6)
    (add_net NORTH_THERM1_N)
    (add_net NORTH_THERM1_P)
    (add_net NORTH_THERM2_N)
    (add_net NORTH_THERM3_N)
    (add_net NORTH_THERM4_N)
    (add_net NORTH_THERM5_N)
    (add_net NORTH_THERM6_N)
    (add_net "Net-(C100-Pad1)")
    (add_net "Net-(C101-Pad1)")
    (add_net "Net-(C214-Pad1)")
    (add_net "Net-(C214-Pad2)")
    (add_net "Net-(C215-Pad1)")
    (add_net "Net-(C215-Pad2)")
    (add_net "Net-(C221-Pad1)")
    (add_net "Net-(C221-Pad2)")
    (add_net "Net-(C223-Pad1)")
    (add_net "Net-(C223-Pad2)")
    (add_net "Net-(C226-Pad1)")
    (add_net "Net-(C228-Pad1)")
    (add_net "Net-(C229-Pad1)")
    (add_net "Net-(C230-Pad1)")
    (add_net "Net-(C231-Pad1)")
    (add_net "Net-(C303-Pad2)")
    (add_net "Net-(C315-Pad2)")
    (add_net "Net-(C316-Pad2)")
    (add_net "Net-(C319-Pad1)")
    (add_net "Net-(C319-Pad2)")
    (add_net "Net-(C321-Pad2)")
    (add_net "Net-(C322-Pad2)")
    (add_net "Net-(C324-Pad1)")
    (add_net "Net-(C324-Pad2)")
    (add_net "Net-(C328-Pad1)")
    (add_net "Net-(C330-Pad1)")
    (add_net "Net-(C331-Pad1)")
    (add_net "Net-(C332-Pad1)")
    (add_net "Net-(D100-Pad2)")
    (add_net "Net-(D104-Pad2)")
    (add_net "Net-(D105-Pad2)")
    (add_net "Net-(D106-Pad2)")
    (add_net "Net-(D107-Pad2)")
    (add_net "Net-(D108-Pad2)")
    (add_net "Net-(F400-Pad1)")
    (add_net "Net-(F401-Pad2)")
    (add_net "Net-(F402-Pad1)")
    (add_net "Net-(H0-Pad1)")
    (add_net "Net-(H1-Pad1)")
    (add_net "Net-(H2-Pad1)")
    (add_net "Net-(H3-Pad1)")
    (add_net "Net-(J100-Pad4)")
    (add_net "Net-(J102-Pad4)")
    (add_net "Net-(J500-Pad20)")
    (add_net "Net-(J501-Pad20)")
    (add_net "Net-(JP100-Pad2)")
    (add_net "Net-(Q400-Pad3)")
    (add_net "Net-(Q401-Pad3)")
    (add_net "Net-(Q402-Pad3)")
    (add_net "Net-(R10-Pad2)")
    (add_net "Net-(R123-Pad2)")
    (add_net "Net-(R328-Pad1)")
    (add_net "Net-(R328-Pad2)")
    (add_net "Net-(R329-Pad1)")
    (add_net "Net-(R404-Pad1)")
    (add_net "Net-(R405-Pad1)")
    (add_net "Net-(R406-Pad1)")
    (add_net "Net-(R407-Pad1)")
    (add_net "Net-(R416-Pad1)")
    (add_net "Net-(R417-Pad1)")
    (add_net "Net-(R9-Pad2)")
    (add_net "Net-(TP100-Pad1)")
    (add_net "Net-(U1-Pad34)")
    (add_net "Net-(U1-Pad38)")
    (add_net "Net-(U1-Pad40)")
    (add_net "Net-(U1-Pad42)")
    (add_net "Net-(U1-Pad47)")
    (add_net "Net-(U100-Pad2)")
    (add_net "Net-(U100-Pad3)")
    (add_net "Net-(U100-Pad7)")
    (add_net "Net-(U101-Pad10)")
    (add_net "Net-(U101-Pad11)")
    (add_net "Net-(U101-Pad14)")
    (add_net "Net-(U101-Pad15)")
    (add_net "Net-(U101-Pad16)")
    (add_net "Net-(U101-Pad17)")
    (add_net "Net-(U101-Pad2)")
    (add_net "Net-(U101-Pad20)")
    (add_net "Net-(U101-Pad21)")
    (add_net "Net-(U101-Pad22)")
    (add_net "Net-(U101-Pad23)")
    (add_net "Net-(U101-Pad26)")
    (add_net "Net-(U101-Pad27)")
    (add_net "Net-(U101-Pad28)")
    (add_net "Net-(U101-Pad33)")
    (add_net "Net-(U101-Pad34)")
    (add_net "Net-(U101-Pad35)")
    (add_net "Net-(U101-Pad36)")
    (add_net "Net-(U101-Pad37)")
    (add_net "Net-(U101-Pad38)")
    (add_net "Net-(U101-Pad39)")
    (add_net "Net-(U101-Pad40)")
    (add_net "Net-(U101-Pad41)")
    (add_net "Net-(U101-Pad42)")
    (add_net "Net-(U101-Pad43)")
    (add_net "Net-(U101-Pad51)")
    (add_net "Net-(U101-Pad52)")
    (add_net "Net-(U101-Pad53)")
    (add_net "Net-(U101-Pad54)")
    (add_net "Net-(U101-Pad57)")
    (add_net "Net-(U101-Pad58)")
    (add_net "Net-(U101-Pad59)")
    (add_net "Net-(U101-Pad61)")
    (add_net "Net-(U101-Pad62)")
    (add_net "Net-(U101-Pad8)")
    (add_net "Net-(U101-Pad9)")
    (add_net "Net-(U102-Pad5)")
    (add_net "Net-(U102-Pad8)")
    (add_net "Net-(U200-Pad34)")
    (add_net "Net-(U200-Pad38)")
    (add_net "Net-(U200-Pad47)")
    (add_net "Net-(U400-Pad10)")
    (add_net "Net-(U400-Pad7)")
    (add_net "Net-(U400-Pad8)")
    (add_net "Net-(U400-Pad9)")
    (add_net "Net-(U402-Pad10)")
    (add_net "Net-(U402-Pad7)")
    (add_net "Net-(U402-Pad8)")
    (add_net "Net-(U402-Pad9)")
    (add_net "Net-(U405-Pad10)")
    (add_net "Net-(U405-Pad7)")
    (add_net "Net-(U405-Pad8)")
    (add_net "Net-(U405-Pad9)")
    (add_net SOUTH_CELL_0)
    (add_net SOUTH_CELL_1)
    (add_net SOUTH_CELL_2)
    (add_net SOUTH_CELL_3)
    (add_net SOUTH_CELL_5)
    (add_net SOUTH_CELL_6)
    (add_net SOUTH_THERM1_N)
    (add_net SOUTH_THERM1_P)
    (add_net SOUTH_THERM2_N)
    (add_net SOUTH_THERM3_N)
    (add_net SOUTH_THERM4_N)
    (add_net SOUTH_THERM5_N)
    (add_net SOUTH_THERM6_N)
    (add_net VDDA)
  )

  (module Capacitor_SMD:C_0603_1608Metric (layer F.Cu) (tedit 5B301BBE) (tstamp 5E857257)
    (at 27.851001 89.540001)
    (descr "Capacitor SMD 0603 (1608 Metric), square (rectangular) end terminal, IPC_7351 nominal, (Body size source: http://www.tortai-tech.com/upload/download/2011102023233369053.pdf), generated with kicad-footprint-generator")
    (tags capacitor)
    (path /5E87C86B)
    (attr smd)
    (fp_text reference C1 (at 0 -1.43) (layer F.SilkS)
      (effects (font (size 1 1) (thickness 0.15)))
    )
    (fp_text value CXX (at 0 1.43) (layer F.Fab)
      (effects (font (size 1 1) (thickness 0.15)))
    )
    (fp_line (start -0.8 0.4) (end -0.8 -0.4) (layer F.Fab) (width 0.1))
    (fp_line (start -0.8 -0.4) (end 0.8 -0.4) (layer F.Fab) (width 0.1))
    (fp_line (start 0.8 -0.4) (end 0.8 0.4) (layer F.Fab) (width 0.1))
    (fp_line (start 0.8 0.4) (end -0.8 0.4) (layer F.Fab) (width 0.1))
    (fp_line (start -0.162779 -0.51) (end 0.162779 -0.51) (layer F.SilkS) (width 0.12))
    (fp_line (start -0.162779 0.51) (end 0.162779 0.51) (layer F.SilkS) (width 0.12))
    (fp_line (start -1.48 0.73) (end -1.48 -0.73) (layer F.CrtYd) (width 0.05))
    (fp_line (start -1.48 -0.73) (end 1.48 -0.73) (layer F.CrtYd) (width 0.05))
    (fp_line (start 1.48 -0.73) (end 1.48 0.73) (layer F.CrtYd) (width 0.05))
    (fp_line (start 1.48 0.73) (end -1.48 0.73) (layer F.CrtYd) (width 0.05))
    (fp_text user %R (at 0 0) (layer F.Fab)
      (effects (font (size 0.4 0.4) (thickness 0.06)))
    )
    (pad 1 smd roundrect (at -0.7875 0) (size 0.875 0.95) (layers F.Cu F.Paste F.Mask) (roundrect_rratio 0.25)
      (net 2 GND))
    (pad 2 smd roundrect (at 0.7875 0) (size 0.875 0.95) (layers F.Cu F.Paste F.Mask) (roundrect_rratio 0.25)
      (net 253 GNDS))
    (model ${KISYS3DMOD}/Capacitor_SMD.3dshapes/C_0603_1608Metric.wrl
      (at (xyz 0 0 0))
      (scale (xyz 1 1 1))
      (rotate (xyz 0 0 0))
    )
  )

  (module Capacitor_SMD:C_0603_1608Metric (layer F.Cu) (tedit 5B301BBE) (tstamp 5E857268)
    (at 325.472001 64.470001)
    (descr "Capacitor SMD 0603 (1608 Metric), square (rectangular) end terminal, IPC_7351 nominal, (Body size source: http://www.tortai-tech.com/upload/download/2011102023233369053.pdf), generated with kicad-footprint-generator")
    (tags capacitor)
    (path /5FD707DF/6136825F)
    (attr smd)
    (fp_text reference C100 (at 0 -1.43) (layer F.SilkS)
      (effects (font (size 1 1) (thickness 0.15)))
    )
    (fp_text value 1uF (at 0 1.43) (layer F.Fab)
      (effects (font (size 1 1) (thickness 0.15)))
    )
    (fp_line (start -0.8 0.4) (end -0.8 -0.4) (layer F.Fab) (width 0.1))
    (fp_line (start -0.8 -0.4) (end 0.8 -0.4) (layer F.Fab) (width 0.1))
    (fp_line (start 0.8 -0.4) (end 0.8 0.4) (layer F.Fab) (width 0.1))
    (fp_line (start 0.8 0.4) (end -0.8 0.4) (layer F.Fab) (width 0.1))
    (fp_line (start -0.162779 -0.51) (end 0.162779 -0.51) (layer F.SilkS) (width 0.12))
    (fp_line (start -0.162779 0.51) (end 0.162779 0.51) (layer F.SilkS) (width 0.12))
    (fp_line (start -1.48 0.73) (end -1.48 -0.73) (layer F.CrtYd) (width 0.05))
    (fp_line (start -1.48 -0.73) (end 1.48 -0.73) (layer F.CrtYd) (width 0.05))
    (fp_line (start 1.48 -0.73) (end 1.48 0.73) (layer F.CrtYd) (width 0.05))
    (fp_line (start 1.48 0.73) (end -1.48 0.73) (layer F.CrtYd) (width 0.05))
    (fp_text user %R (at 0 0) (layer F.Fab)
      (effects (font (size 0.4 0.4) (thickness 0.06)))
    )
    (pad 1 smd roundrect (at -0.7875 0) (size 0.875 0.95) (layers F.Cu F.Paste F.Mask) (roundrect_rratio 0.25)
      (net 1 "Net-(C100-Pad1)"))
    (pad 2 smd roundrect (at 0.7875 0) (size 0.875 0.95) (layers F.Cu F.Paste F.Mask) (roundrect_rratio 0.25)
      (net 2 GND))
    (model ${KISYS3DMOD}/Capacitor_SMD.3dshapes/C_0603_1608Metric.wrl
      (at (xyz 0 0 0))
      (scale (xyz 1 1 1))
      (rotate (xyz 0 0 0))
    )
  )

  (module Capacitor_SMD:C_0603_1608Metric (layer F.Cu) (tedit 5B301BBE) (tstamp 5E857279)
    (at 330.812001 59.450001)
    (descr "Capacitor SMD 0603 (1608 Metric), square (rectangular) end terminal, IPC_7351 nominal, (Body size source: http://www.tortai-tech.com/upload/download/2011102023233369053.pdf), generated with kicad-footprint-generator")
    (tags capacitor)
    (path /5FD707DF/6136364C)
    (attr smd)
    (fp_text reference C101 (at 0 -1.43) (layer F.SilkS)
      (effects (font (size 1 1) (thickness 0.15)))
    )
    (fp_text value 0.1uF (at 0 1.43) (layer F.Fab)
      (effects (font (size 1 1) (thickness 0.15)))
    )
    (fp_text user %R (at 0 0) (layer F.Fab)
      (effects (font (size 0.4 0.4) (thickness 0.06)))
    )
    (fp_line (start 1.48 0.73) (end -1.48 0.73) (layer F.CrtYd) (width 0.05))
    (fp_line (start 1.48 -0.73) (end 1.48 0.73) (layer F.CrtYd) (width 0.05))
    (fp_line (start -1.48 -0.73) (end 1.48 -0.73) (layer F.CrtYd) (width 0.05))
    (fp_line (start -1.48 0.73) (end -1.48 -0.73) (layer F.CrtYd) (width 0.05))
    (fp_line (start -0.162779 0.51) (end 0.162779 0.51) (layer F.SilkS) (width 0.12))
    (fp_line (start -0.162779 -0.51) (end 0.162779 -0.51) (layer F.SilkS) (width 0.12))
    (fp_line (start 0.8 0.4) (end -0.8 0.4) (layer F.Fab) (width 0.1))
    (fp_line (start 0.8 -0.4) (end 0.8 0.4) (layer F.Fab) (width 0.1))
    (fp_line (start -0.8 -0.4) (end 0.8 -0.4) (layer F.Fab) (width 0.1))
    (fp_line (start -0.8 0.4) (end -0.8 -0.4) (layer F.Fab) (width 0.1))
    (pad 2 smd roundrect (at 0.7875 0) (size 0.875 0.95) (layers F.Cu F.Paste F.Mask) (roundrect_rratio 0.25)
      (net 2 GND))
    (pad 1 smd roundrect (at -0.7875 0) (size 0.875 0.95) (layers F.Cu F.Paste F.Mask) (roundrect_rratio 0.25)
      (net 3 "Net-(C101-Pad1)"))
    (model ${KISYS3DMOD}/Capacitor_SMD.3dshapes/C_0603_1608Metric.wrl
      (at (xyz 0 0 0))
      (scale (xyz 1 1 1))
      (rotate (xyz 0 0 0))
    )
  )

  (module Capacitor_SMD:C_0603_1608Metric (layer F.Cu) (tedit 5B301BBE) (tstamp 5E85728A)
    (at 326.802001 61.960001)
    (descr "Capacitor SMD 0603 (1608 Metric), square (rectangular) end terminal, IPC_7351 nominal, (Body size source: http://www.tortai-tech.com/upload/download/2011102023233369053.pdf), generated with kicad-footprint-generator")
    (tags capacitor)
    (path /5FD707DF/6137FA77)
    (attr smd)
    (fp_text reference C102 (at 0 -1.43) (layer F.SilkS)
      (effects (font (size 1 1) (thickness 0.15)))
    )
    (fp_text value 1uF (at 0 1.43) (layer F.Fab)
      (effects (font (size 1 1) (thickness 0.15)))
    )
    (fp_text user %R (at 0 0) (layer F.Fab)
      (effects (font (size 0.4 0.4) (thickness 0.06)))
    )
    (fp_line (start 1.48 0.73) (end -1.48 0.73) (layer F.CrtYd) (width 0.05))
    (fp_line (start 1.48 -0.73) (end 1.48 0.73) (layer F.CrtYd) (width 0.05))
    (fp_line (start -1.48 -0.73) (end 1.48 -0.73) (layer F.CrtYd) (width 0.05))
    (fp_line (start -1.48 0.73) (end -1.48 -0.73) (layer F.CrtYd) (width 0.05))
    (fp_line (start -0.162779 0.51) (end 0.162779 0.51) (layer F.SilkS) (width 0.12))
    (fp_line (start -0.162779 -0.51) (end 0.162779 -0.51) (layer F.SilkS) (width 0.12))
    (fp_line (start 0.8 0.4) (end -0.8 0.4) (layer F.Fab) (width 0.1))
    (fp_line (start 0.8 -0.4) (end 0.8 0.4) (layer F.Fab) (width 0.1))
    (fp_line (start -0.8 -0.4) (end 0.8 -0.4) (layer F.Fab) (width 0.1))
    (fp_line (start -0.8 0.4) (end -0.8 -0.4) (layer F.Fab) (width 0.1))
    (pad 2 smd roundrect (at 0.7875 0) (size 0.875 0.95) (layers F.Cu F.Paste F.Mask) (roundrect_rratio 0.25)
      (net 2 GND))
    (pad 1 smd roundrect (at -0.7875 0) (size 0.875 0.95) (layers F.Cu F.Paste F.Mask) (roundrect_rratio 0.25)
      (net 4 +3V3))
    (model ${KISYS3DMOD}/Capacitor_SMD.3dshapes/C_0603_1608Metric.wrl
      (at (xyz 0 0 0))
      (scale (xyz 1 1 1))
      (rotate (xyz 0 0 0))
    )
  )

  (module Capacitor_SMD:C_0603_1608Metric (layer F.Cu) (tedit 5B301BBE) (tstamp 5E85729B)
    (at 321.462001 66.980001)
    (descr "Capacitor SMD 0603 (1608 Metric), square (rectangular) end terminal, IPC_7351 nominal, (Body size source: http://www.tortai-tech.com/upload/download/2011102023233369053.pdf), generated with kicad-footprint-generator")
    (tags capacitor)
    (path /5FD707DF/611A5A1C)
    (attr smd)
    (fp_text reference C103 (at 0 -1.43) (layer F.SilkS)
      (effects (font (size 1 1) (thickness 0.15)))
    )
    (fp_text value 0.47uF (at 0 1.43) (layer F.Fab)
      (effects (font (size 1 1) (thickness 0.15)))
    )
    (fp_line (start -0.8 0.4) (end -0.8 -0.4) (layer F.Fab) (width 0.1))
    (fp_line (start -0.8 -0.4) (end 0.8 -0.4) (layer F.Fab) (width 0.1))
    (fp_line (start 0.8 -0.4) (end 0.8 0.4) (layer F.Fab) (width 0.1))
    (fp_line (start 0.8 0.4) (end -0.8 0.4) (layer F.Fab) (width 0.1))
    (fp_line (start -0.162779 -0.51) (end 0.162779 -0.51) (layer F.SilkS) (width 0.12))
    (fp_line (start -0.162779 0.51) (end 0.162779 0.51) (layer F.SilkS) (width 0.12))
    (fp_line (start -1.48 0.73) (end -1.48 -0.73) (layer F.CrtYd) (width 0.05))
    (fp_line (start -1.48 -0.73) (end 1.48 -0.73) (layer F.CrtYd) (width 0.05))
    (fp_line (start 1.48 -0.73) (end 1.48 0.73) (layer F.CrtYd) (width 0.05))
    (fp_line (start 1.48 0.73) (end -1.48 0.73) (layer F.CrtYd) (width 0.05))
    (fp_text user %R (at 0 0) (layer F.Fab)
      (effects (font (size 0.4 0.4) (thickness 0.06)))
    )
    (pad 1 smd roundrect (at -0.7875 0) (size 0.875 0.95) (layers F.Cu F.Paste F.Mask) (roundrect_rratio 0.25)
      (net 4 +3V3))
    (pad 2 smd roundrect (at 0.7875 0) (size 0.875 0.95) (layers F.Cu F.Paste F.Mask) (roundrect_rratio 0.25)
      (net 2 GND))
    (model ${KISYS3DMOD}/Capacitor_SMD.3dshapes/C_0603_1608Metric.wrl
      (at (xyz 0 0 0))
      (scale (xyz 1 1 1))
      (rotate (xyz 0 0 0))
    )
  )

  (module Capacitor_SMD:C_0603_1608Metric (layer F.Cu) (tedit 5B301BBE) (tstamp 5E8572AC)
    (at 317.452001 69.450001)
    (descr "Capacitor SMD 0603 (1608 Metric), square (rectangular) end terminal, IPC_7351 nominal, (Body size source: http://www.tortai-tech.com/upload/download/2011102023233369053.pdf), generated with kicad-footprint-generator")
    (tags capacitor)
    (path /5FD707DF/611A5F88)
    (attr smd)
    (fp_text reference C104 (at 0 -1.43) (layer F.SilkS)
      (effects (font (size 1 1) (thickness 0.15)))
    )
    (fp_text value 0.47uF (at 0 1.43) (layer F.Fab)
      (effects (font (size 1 1) (thickness 0.15)))
    )
    (fp_line (start -0.8 0.4) (end -0.8 -0.4) (layer F.Fab) (width 0.1))
    (fp_line (start -0.8 -0.4) (end 0.8 -0.4) (layer F.Fab) (width 0.1))
    (fp_line (start 0.8 -0.4) (end 0.8 0.4) (layer F.Fab) (width 0.1))
    (fp_line (start 0.8 0.4) (end -0.8 0.4) (layer F.Fab) (width 0.1))
    (fp_line (start -0.162779 -0.51) (end 0.162779 -0.51) (layer F.SilkS) (width 0.12))
    (fp_line (start -0.162779 0.51) (end 0.162779 0.51) (layer F.SilkS) (width 0.12))
    (fp_line (start -1.48 0.73) (end -1.48 -0.73) (layer F.CrtYd) (width 0.05))
    (fp_line (start -1.48 -0.73) (end 1.48 -0.73) (layer F.CrtYd) (width 0.05))
    (fp_line (start 1.48 -0.73) (end 1.48 0.73) (layer F.CrtYd) (width 0.05))
    (fp_line (start 1.48 0.73) (end -1.48 0.73) (layer F.CrtYd) (width 0.05))
    (fp_text user %R (at 0 0) (layer F.Fab)
      (effects (font (size 0.4 0.4) (thickness 0.06)))
    )
    (pad 1 smd roundrect (at -0.7875 0) (size 0.875 0.95) (layers F.Cu F.Paste F.Mask) (roundrect_rratio 0.25)
      (net 4 +3V3))
    (pad 2 smd roundrect (at 0.7875 0) (size 0.875 0.95) (layers F.Cu F.Paste F.Mask) (roundrect_rratio 0.25)
      (net 2 GND))
    (model ${KISYS3DMOD}/Capacitor_SMD.3dshapes/C_0603_1608Metric.wrl
      (at (xyz 0 0 0))
      (scale (xyz 1 1 1))
      (rotate (xyz 0 0 0))
    )
  )

  (module Capacitor_SMD:C_0603_1608Metric (layer F.Cu) (tedit 5B301BBE) (tstamp 5E8572BD)
    (at 321.462001 64.470001)
    (descr "Capacitor SMD 0603 (1608 Metric), square (rectangular) end terminal, IPC_7351 nominal, (Body size source: http://www.tortai-tech.com/upload/download/2011102023233369053.pdf), generated with kicad-footprint-generator")
    (tags capacitor)
    (path /5FD707DF/611A6E82)
    (attr smd)
    (fp_text reference C105 (at 0 -1.43) (layer F.SilkS)
      (effects (font (size 1 1) (thickness 0.15)))
    )
    (fp_text value 0.47uF (at 0 1.43) (layer F.Fab)
      (effects (font (size 1 1) (thickness 0.15)))
    )
    (fp_text user %R (at 0 0) (layer F.Fab)
      (effects (font (size 0.4 0.4) (thickness 0.06)))
    )
    (fp_line (start 1.48 0.73) (end -1.48 0.73) (layer F.CrtYd) (width 0.05))
    (fp_line (start 1.48 -0.73) (end 1.48 0.73) (layer F.CrtYd) (width 0.05))
    (fp_line (start -1.48 -0.73) (end 1.48 -0.73) (layer F.CrtYd) (width 0.05))
    (fp_line (start -1.48 0.73) (end -1.48 -0.73) (layer F.CrtYd) (width 0.05))
    (fp_line (start -0.162779 0.51) (end 0.162779 0.51) (layer F.SilkS) (width 0.12))
    (fp_line (start -0.162779 -0.51) (end 0.162779 -0.51) (layer F.SilkS) (width 0.12))
    (fp_line (start 0.8 0.4) (end -0.8 0.4) (layer F.Fab) (width 0.1))
    (fp_line (start 0.8 -0.4) (end 0.8 0.4) (layer F.Fab) (width 0.1))
    (fp_line (start -0.8 -0.4) (end 0.8 -0.4) (layer F.Fab) (width 0.1))
    (fp_line (start -0.8 0.4) (end -0.8 -0.4) (layer F.Fab) (width 0.1))
    (pad 2 smd roundrect (at 0.7875 0) (size 0.875 0.95) (layers F.Cu F.Paste F.Mask) (roundrect_rratio 0.25)
      (net 2 GND))
    (pad 1 smd roundrect (at -0.7875 0) (size 0.875 0.95) (layers F.Cu F.Paste F.Mask) (roundrect_rratio 0.25)
      (net 4 +3V3))
    (model ${KISYS3DMOD}/Capacitor_SMD.3dshapes/C_0603_1608Metric.wrl
      (at (xyz 0 0 0))
      (scale (xyz 1 1 1))
      (rotate (xyz 0 0 0))
    )
  )

  (module Capacitor_SMD:C_0603_1608Metric (layer F.Cu) (tedit 5B301BBE) (tstamp 5E8572CE)
    (at 333.022001 54.430001)
    (descr "Capacitor SMD 0603 (1608 Metric), square (rectangular) end terminal, IPC_7351 nominal, (Body size source: http://www.tortai-tech.com/upload/download/2011102023233369053.pdf), generated with kicad-footprint-generator")
    (tags capacitor)
    (path /5FD707DF/611A6E88)
    (attr smd)
    (fp_text reference C106 (at 0 -1.43) (layer F.SilkS)
      (effects (font (size 1 1) (thickness 0.15)))
    )
    (fp_text value 0.47uF (at 0 1.43) (layer F.Fab)
      (effects (font (size 1 1) (thickness 0.15)))
    )
    (fp_line (start -0.8 0.4) (end -0.8 -0.4) (layer F.Fab) (width 0.1))
    (fp_line (start -0.8 -0.4) (end 0.8 -0.4) (layer F.Fab) (width 0.1))
    (fp_line (start 0.8 -0.4) (end 0.8 0.4) (layer F.Fab) (width 0.1))
    (fp_line (start 0.8 0.4) (end -0.8 0.4) (layer F.Fab) (width 0.1))
    (fp_line (start -0.162779 -0.51) (end 0.162779 -0.51) (layer F.SilkS) (width 0.12))
    (fp_line (start -0.162779 0.51) (end 0.162779 0.51) (layer F.SilkS) (width 0.12))
    (fp_line (start -1.48 0.73) (end -1.48 -0.73) (layer F.CrtYd) (width 0.05))
    (fp_line (start -1.48 -0.73) (end 1.48 -0.73) (layer F.CrtYd) (width 0.05))
    (fp_line (start 1.48 -0.73) (end 1.48 0.73) (layer F.CrtYd) (width 0.05))
    (fp_line (start 1.48 0.73) (end -1.48 0.73) (layer F.CrtYd) (width 0.05))
    (fp_text user %R (at 0 0) (layer F.Fab)
      (effects (font (size 0.4 0.4) (thickness 0.06)))
    )
    (pad 1 smd roundrect (at -0.7875 0) (size 0.875 0.95) (layers F.Cu F.Paste F.Mask) (roundrect_rratio 0.25)
      (net 4 +3V3))
    (pad 2 smd roundrect (at 0.7875 0) (size 0.875 0.95) (layers F.Cu F.Paste F.Mask) (roundrect_rratio 0.25)
      (net 2 GND))
    (model ${KISYS3DMOD}/Capacitor_SMD.3dshapes/C_0603_1608Metric.wrl
      (at (xyz 0 0 0))
      (scale (xyz 1 1 1))
      (rotate (xyz 0 0 0))
    )
  )

  (module Capacitor_SMD:C_0603_1608Metric (layer F.Cu) (tedit 5B301BBE) (tstamp 5E8572DF)
    (at 329.012001 56.940001)
    (descr "Capacitor SMD 0603 (1608 Metric), square (rectangular) end terminal, IPC_7351 nominal, (Body size source: http://www.tortai-tech.com/upload/download/2011102023233369053.pdf), generated with kicad-footprint-generator")
    (tags capacitor)
    (path /5FD707DF/611A7F72)
    (attr smd)
    (fp_text reference C107 (at 0 -1.43) (layer F.SilkS)
      (effects (font (size 1 1) (thickness 0.15)))
    )
    (fp_text value 0.47uF (at 0 1.43) (layer F.Fab)
      (effects (font (size 1 1) (thickness 0.15)))
    )
    (fp_text user %R (at 0 0) (layer F.Fab)
      (effects (font (size 0.4 0.4) (thickness 0.06)))
    )
    (fp_line (start 1.48 0.73) (end -1.48 0.73) (layer F.CrtYd) (width 0.05))
    (fp_line (start 1.48 -0.73) (end 1.48 0.73) (layer F.CrtYd) (width 0.05))
    (fp_line (start -1.48 -0.73) (end 1.48 -0.73) (layer F.CrtYd) (width 0.05))
    (fp_line (start -1.48 0.73) (end -1.48 -0.73) (layer F.CrtYd) (width 0.05))
    (fp_line (start -0.162779 0.51) (end 0.162779 0.51) (layer F.SilkS) (width 0.12))
    (fp_line (start -0.162779 -0.51) (end 0.162779 -0.51) (layer F.SilkS) (width 0.12))
    (fp_line (start 0.8 0.4) (end -0.8 0.4) (layer F.Fab) (width 0.1))
    (fp_line (start 0.8 -0.4) (end 0.8 0.4) (layer F.Fab) (width 0.1))
    (fp_line (start -0.8 -0.4) (end 0.8 -0.4) (layer F.Fab) (width 0.1))
    (fp_line (start -0.8 0.4) (end -0.8 -0.4) (layer F.Fab) (width 0.1))
    (pad 2 smd roundrect (at 0.7875 0) (size 0.875 0.95) (layers F.Cu F.Paste F.Mask) (roundrect_rratio 0.25)
      (net 2 GND))
    (pad 1 smd roundrect (at -0.7875 0) (size 0.875 0.95) (layers F.Cu F.Paste F.Mask) (roundrect_rratio 0.25)
      (net 5 VDDA))
    (model ${KISYS3DMOD}/Capacitor_SMD.3dshapes/C_0603_1608Metric.wrl
      (at (xyz 0 0 0))
      (scale (xyz 1 1 1))
      (rotate (xyz 0 0 0))
    )
  )

  (module Capacitor_SMD:C_0603_1608Metric (layer F.Cu) (tedit 5B301BBE) (tstamp 5E8572F0)
    (at 329.012001 51.920001)
    (descr "Capacitor SMD 0603 (1608 Metric), square (rectangular) end terminal, IPC_7351 nominal, (Body size source: http://www.tortai-tech.com/upload/download/2011102023233369053.pdf), generated with kicad-footprint-generator")
    (tags capacitor)
    (path /5FD707DF/61195FB8)
    (attr smd)
    (fp_text reference C108 (at 0 -1.43) (layer F.SilkS)
      (effects (font (size 1 1) (thickness 0.15)))
    )
    (fp_text value 0.47uF (at 0 1.43) (layer F.Fab)
      (effects (font (size 1 1) (thickness 0.15)))
    )
