(kicad_pcb (version 20171130) (host pcbnew "(5.1.5)-3")

  (general
    (thickness 1.6)
    (drawings 0)
    (tracks 99)
    (zones 0)
    (modules 333)
    (nets 296)
  )

  (page A4)
  (layers
    (0 F.Cu mixed)
    (1 In1.Cu signal)
    (2 GND power)
    (31 B.Cu signal)
    (32 B.Adhes user)
    (33 F.Adhes user)
    (34 B.Paste user)
    (35 F.Paste user)
    (36 B.SilkS user)
    (37 F.SilkS user)
    (38 B.Mask user)
    (39 F.Mask user)
    (40 Dwgs.User user)
    (41 Cmts.User user)
    (42 Eco1.User user)
    (43 Eco2.User user)
    (44 Edge.Cuts user)
    (45 Margin user)
    (46 B.CrtYd user)
    (47 F.CrtYd user)
    (48 B.Fab user)
    (49 F.Fab user)
  )

  (setup
    (last_trace_width 0.25)
    (user_trace_width 1)
    (trace_clearance 0.2)
    (zone_clearance 0.508)
    (zone_45_only no)
    (trace_min 0.2)
    (via_size 0.8)
    (via_drill 0.4)
    (via_min_size 0.4)
    (via_min_drill 0.3)
    (uvia_size 0.3)
    (uvia_drill 0.1)
    (uvias_allowed no)
    (uvia_min_size 0.2)
    (uvia_min_drill 0.1)
    (edge_width 0.05)
    (segment_width 0.2)
    (pcb_text_width 0.3)
    (pcb_text_size 1.5 1.5)
    (mod_edge_width 0.12)
    (mod_text_size 1 1)
    (mod_text_width 0.15)
    (pad_size 1.524 1.524)
    (pad_drill 0.762)
    (pad_to_mask_clearance 0.051)
    (solder_mask_min_width 0.25)
    (aux_axis_origin 0 0)
    (visible_elements 7FFFF7FF)
    (pcbplotparams
      (layerselection 0x010fc_ffffffff)
      (usegerberextensions false)
      (usegerberattributes false)
      (usegerberadvancedattributes false)
      (creategerberjobfile false)
      (excludeedgelayer true)
      (linewidth 0.100000)
      (plotframeref false)
      (viasonmask false)
      (mode 1)
      (useauxorigin false)
      (hpglpennumber 1)
      (hpglpenspeed 20)
      (hpglpendiameter 15.000000)
      (psnegative false)
      (psa4output false)
      (plotreference true)
      (plotvalue true)
      (plotinvisibletext false)
      (padsonsilk false)
      (subtractmaskfromsilk false)
      (outputformat 1)
      (mirror false)
      (drillshape 1)
      (scaleselection 1)
      (outputdirectory ""))
  )

  (net 0 "")
  (net 1 "Net-(C100-Pad1)")
  (net 2 GND)
  (net 3 "Net-(C101-Pad1)")
  (net 4 +3V3)
  (net 5 VDDA)
  (net 6 /MCU/~RESET)
  (net 7 /MCU/USR_BUTTON)
  (net 8 "/South(Master)_BQ/SOUTH_TAP_CELL5_FILT")
  (net 9 "/South(Master)_BQ/SOUTH_TAP_CELL6_FILT")
  (net 10 "/South(Master)_BQ/SOUTH_TAP_CELL4_FILT")
  (net 11 "/South(Master)_BQ/SOUTH_TAP_CELL3_FILT")
  (net 12 "/South(Master)_BQ/SOUTH_TAP_CELL2_FILT")
  (net 13 "/South(Master)_BQ/SOUTH_TAP_CELL1_FILT")
  (net 14 "/South(Master)_BQ/SOUTH_TAP_CELL0_FILT")
  (net 15 "/South(Master)_BQ/SOUTH_BAL_CELL6_FILT")
  (net 16 "/South(Master)_BQ/SOUTH_BAL_CELL5_FILT")
  (net 17 "/South(Master)_BQ/SOUTH_BAL_CELL4_FILT")
  (net 18 "/South(Master)_BQ/SOUTH_BAL_CELL3_FILT")
  (net 19 "/South(Master)_BQ/SOUTH_BAL_CELL2_FILT")
  (net 20 "/South(Master)_BQ/SOUTH_BAL_CELL1_FILT")
  (net 21 "/South(Master)_BQ/SOUTH_BAL_CELL0_FILT")
  (net 22 "Net-(C214-Pad2)")
  (net 23 "Net-(C214-Pad1)")
  (net 24 "Net-(C215-Pad2)")
  (net 25 "Net-(C215-Pad1)")
  (net 26 "/South(Master)_BQ/SOUTH_COMH_N")
  (net 27 "/South(Master)_BQ/SOUTH_FAULTH_N")
  (net 28 "Net-(C221-Pad1)")
  (net 29 "Net-(C221-Pad2)")
  (net 30 "Net-(C223-Pad2)")
  (net 31 "Net-(C223-Pad1)")
  (net 32 "Net-(C226-Pad1)")
  (net 33 "Net-(C228-Pad1)")
  (net 34 "Net-(C229-Pad1)")
  (net 35 "Net-(C230-Pad1)")
  (net 36 "Net-(C231-Pad1)")
  (net 37 "/South(Master)_BQ/SOUTH_LDOIN")
  (net 38 "/South(Master)_BQ/SOUTH_BAT")
  (net 39 "/South(Master)_BQ/SOUTH_THERM_FILT_1")
  (net 40 "/South(Master)_BQ/SOUTH_THERM_FILT_3")
  (net 41 "/South(Master)_BQ/SOUTH_THERM_FILT_5")
  (net 42 "/South(Master)_BQ/SOUTH_THERM_FILT_2")
  (net 43 "/South(Master)_BQ/SOUTH_THERM_FILT_4")
  (net 44 "/South(Master)_BQ/SOUTH_THERM_FILT_6")
  (net 45 /NORTH_BQ/NORTH_TAP_CELL5_FILT)
  (net 46 /NORTH_BQ/NORTH_TAP_CELL6_FILT)
  (net 47 /NORTH_BQ/NORTH_TAP_CELL4_FILT)
  (net 48 /NORTH_BQ/NORTH_TAP_CELL3_FILT)
  (net 49 "Net-(C303-Pad2)")
  (net 50 /NORTH_BQ/NORTH_TAP_CELL1_FILT)
  (net 51 /NORTH_BQ/NORTH_TAP_CELL0_FILT)
  (net 52 /NORTH_BQ/NORTH_BAL_CELL6_FILT)
  (net 53 /NORTH_BQ/NORTH_BAL_CELL5_FILT)
  (net 54 /NORTH_BQ/NORTH_BAL_CELL4_FILT)
  (net 55 /NORTH_BQ/NORTH_BAL_CELL3_FILT)
  (net 56 /NORTH_BQ/NORTH_BAL_CELL2_FILT)
  (net 57 /NORTH_BQ/NORTH_BAL_CELL1_FILT)
  (net 58 /NORTH_BQ/NORTH_BAL_CELL0_FILT)
  (net 59 /NORTH_BQ/NORTH_COMH_N)
  (net 60 "Net-(C315-Pad2)")
  (net 61 "Net-(C316-Pad2)")
  (net 62 "Net-(C319-Pad1)")
  (net 63 "Net-(C319-Pad2)")
  (net 64 /NORTH_BQ/NORTH_FAULTH_N)
  (net 65 "Net-(C321-Pad2)")
  (net 66 "Net-(C322-Pad2)")
  (net 67 "Net-(C324-Pad1)")
  (net 68 "Net-(C324-Pad2)")
  (net 69 /NORTH_BQ/NORTH_LDOIN)
  (net 70 /NORTH_BQ/NORTH_BAT)
  (net 71 "Net-(C328-Pad1)")
  (net 72 "Net-(C330-Pad1)")
  (net 73 "Net-(C331-Pad1)")
  (net 74 "Net-(C332-Pad1)")
  (net 75 /NORTH_BQ/NORTH_THERM_FILT_1)
  (net 76 /NORTH_BQ/NORTH_THERM_FILT_3)
  (net 77 /NORTH_BQ/NORTH_THERM_FILT_5)
  (net 78 /NORTH_BQ/NORTH_THERM_FILT_2)
  (net 79 /NORTH_BQ/NORTH_THERM_FILT_4)
  (net 80 /NORTH_BQ/NORTH_THERM_FILT_6)
  (net 81 /MCU/DIAGS_RX_N)
  (net 82 /MCU/DIAGS_TX_P)
  (net 83 /MCU/JTAG_TDI)
  (net 84 "Net-(J100-Pad4)")
  (net 85 /MCU/JTAG_TDO)
  (net 86 /MCU/JTAG_SWDIO\TMS)
  (net 87 /MCU/JTAG_SWDCLK\TCK)
  (net 88 /MCU/JTAG_NRST)
  (net 89 /MCU/CAN_H_P)
  (net 90 /MCU/CAN_L_N)
  (net 91 /MCU/CAN_SH)
  (net 92 "Net-(J102-Pad4)")
  (net 93 "Net-(Q400-Pad3)")
  (net 94 "Net-(Q401-Pad3)")
  (net 95 "Net-(Q402-Pad3)")
  (net 96 "Net-(H0-Pad1)")
  (net 97 "Net-(H1-Pad1)")
  (net 98 "Net-(H2-Pad1)")
  (net 99 "Net-(H3-Pad1)")
  (net 100 "Net-(D100-Pad2)")
  (net 101 /MCU/I_DIS_J)
  (net 102 /MCU/V_DIS_J)
  (net 103 /MCU/I_CHG_J)
  (net 104 /MCU/V_BATT_J)
  (net 105 /MCU/I_BATT_J)
  (net 106 /MCU/V_CHG_J)
  (net 107 /MCU/DIS_ON_J)
  (net 108 /MCU/CHG_ON_J)
  (net 109 /MCU/BATT_ON_J)
  (net 110 /MCU/~BMS_FAULT_J)
  (net 111 /MCU/BMS_WAKEUP_J)
  (net 112 "Net-(JP100-Pad2)")
  (net 113 /MCU/CHG_LED)
  (net 114 "Net-(D104-Pad2)")
  (net 115 /MCU/DIS_LED)
  (net 116 "Net-(D105-Pad2)")
  (net 117 /MCU/BATT_LED)
  (net 118 "Net-(D106-Pad2)")
  (net 119 /MCU/SM0)
  (net 120 "Net-(D107-Pad2)")
  (net 121 "Net-(D108-Pad2)")
  (net 122 /MCU/SM1)
  (net 123 "Net-(R123-Pad2)")
  (net 124 "/South(Master)_BQ/SOUTH_COMH_P")
  (net 125 "/South(Master)_BQ/SOUTH_FAULTH_P")
  (net 126 +BATT)
  (net 127 /NORTH_BQ/NORTH_COMH_P)
  (net 128 /NORTH_BQ/NORTH_FAULTH_P)
  (net 129 "Net-(R328-Pad1)")
  (net 130 "Net-(R328-Pad2)")
  (net 131 "Net-(R329-Pad1)")
  (net 132 /INPUT_OUTPUT/CHG_MSRD)
  (net 133 "Net-(R404-Pad1)")
  (net 134 "Net-(R405-Pad1)")
  (net 135 "Net-(R406-Pad1)")
  (net 136 "Net-(R407-Pad1)")
  (net 137 /INPUT_OUTPUT/DIS_MSRD)
  (net 138 "Net-(R416-Pad1)")
  (net 139 "Net-(R417-Pad1)")
  (net 140 /NORTH_BQ/NORTH_TAP_CELL2_FILT)
  (net 141 "Net-(U1-Pad34)")
  (net 142 "Net-(U1-Pad38)")
  (net 143 "Net-(U1-Pad40)")
  (net 144 "Net-(U1-Pad42)")
  (net 145 "Net-(U1-Pad47)")
  (net 146 "Net-(U100-Pad2)")
  (net 147 "Net-(U100-Pad3)")
  (net 148 "Net-(U100-Pad7)")
  (net 149 "Net-(U101-Pad2)")
  (net 150 /MCU/XTAL32_IN_P)
  (net 151 /MCU/XTAL32_OUT_N)
  (net 152 "Net-(U101-Pad8)")
  (net 153 "Net-(U101-Pad9)")
  (net 154 "Net-(U101-Pad10)")
  (net 155 "Net-(U101-Pad11)")
  (net 156 "Net-(U101-Pad14)")
  (net 157 "Net-(U101-Pad15)")
  (net 158 "Net-(U101-Pad16)")
  (net 159 "Net-(U101-Pad17)")
  (net 160 "Net-(U101-Pad20)")
  (net 161 "Net-(U101-Pad21)")
  (net 162 "Net-(U101-Pad22)")
  (net 163 "Net-(U101-Pad23)")
  (net 164 "Net-(U101-Pad26)")
  (net 165 "Net-(U101-Pad27)")
  (net 166 "Net-(U101-Pad28)")
  (net 167 "Net-(U101-Pad33)")
  (net 168 "Net-(U101-Pad34)")
  (net 169 "Net-(U101-Pad35)")
  (net 170 "Net-(U101-Pad36)")
  (net 171 "Net-(U101-Pad37)")
  (net 172 "Net-(U101-Pad38)")
  (net 173 "Net-(U101-Pad39)")
  (net 174 "Net-(U101-Pad40)")
  (net 175 "Net-(U101-Pad41)")
  (net 176 "Net-(U101-Pad42)")
  (net 177 "Net-(U101-Pad43)")
  (net 178 /MCU/CAN_RX_P)
  (net 179 /MCU/CAN_TX_N)
  (net 180 "Net-(U101-Pad51)")
  (net 181 "Net-(U101-Pad52)")
  (net 182 "Net-(U101-Pad53)")
  (net 183 "Net-(U101-Pad54)")
  (net 184 "Net-(U101-Pad57)")
  (net 185 "Net-(U101-Pad58)")
  (net 186 "Net-(U101-Pad59)")
  (net 187 "Net-(U101-Pad61)")
  (net 188 "Net-(U101-Pad62)")
  (net 189 /MCU/CAN_TX_P)
  (net 190 /MCU/CAN_RX_N)
  (net 191 "Net-(U102-Pad5)")
  (net 192 "Net-(U102-Pad8)")
  (net 193 "Net-(U200-Pad47)")
  (net 194 "Net-(U200-Pad38)")
  (net 195 "Net-(U200-Pad34)")
  (net 196 "Net-(U400-Pad10)")
  (net 197 "Net-(U400-Pad9)")
  (net 198 "Net-(U400-Pad7)")
  (net 199 "Net-(U400-Pad8)")
  (net 200 /INPUT_OUTPUT/CHG_RAW)
  (net 201 /INPUT_OUTPUT/BATT_RAW)
  (net 202 "Net-(U402-Pad8)")
  (net 203 "Net-(U402-Pad7)")
  (net 204 "Net-(U402-Pad9)")
  (net 205 "Net-(U402-Pad10)")
  (net 206 "Net-(U405-Pad10)")
  (net 207 "Net-(U405-Pad9)")
  (net 208 "Net-(U405-Pad7)")
  (net 209 "Net-(U405-Pad8)")
  (net 210 /INPUT_OUTPUT/DIS_RAW)
  (net 211 /INPUT_OUTPUT/MIXED_PWR_PLANE)
  (net 212 "Net-(F400-Pad1)")
  (net 213 "Net-(F401-Pad2)")
  (net 214 "Net-(F402-Pad1)")
  (net 215 "Net-(TP100-Pad1)")
  (net 216 /MCU/XTAL_IN_P)
  (net 217 GNDS)
  (net 218 /MCU/XTAL_OUT_N)
  (net 219 "Net-(R9-Pad2)")
  (net 220 "Net-(R10-Pad2)")
  (net 221 /MCU/STM32_RX_P)
  (net 222 /MCU/STM32_TX_N)
  (net 223 "Net-(J500-Pad20)")
  (net 224 "Net-(J501-Pad20)")
  (net 225 SOUTH_CELL_6)
  (net 226 SOUTH_CELL_5)
  (net 227 SOUTH_CELL_3)
  (net 228 SOUTH_CELL_2)
  (net 229 SOUTH_CELL_1)
  (net 230 SOUTH_CELL_0)
  (net 231 SOUTH_THERM1_P)
  (net 232 SOUTH_THERM1_N)
  (net 233 SOUTH_THERM2_N)
  (net 234 SOUTH_THERM3_N)
  (net 235 SOUTH_THERM4_N)
  (net 236 SOUTH_THERM5_N)
  (net 237 SOUTH_THERM6_N)
  (net 238 NORTH_THERM6_N)
  (net 239 NORTH_THERM1_P)
  (net 240 NORTH_THERM5_N)
  (net 241 NORTH_THERM4_N)
  (net 242 NORTH_THERM3_N)
  (net 243 NORTH_THERM2_N)
  (net 244 NORTH_THERM1_N)
  (net 245 NORTH_CELL_0)
  (net 246 NORTH_CELL_2)
  (net 247 NORTH_CELL_3)
  (net 248 NORTH_CELL_5)
  (net 249 NORTH_CELL_6)
  (net 250 "Net-(C115-Pad1)")
  (net 251 NORTH_COML_N)
  (net 252 NORTH_FAULTL_N)
  (net 253 SOUTH_COMN_N)
  (net 254 SOUTH_FAULTN_N)
  (net 255 I_CHG)
  (net 256 V_CHG)
  (net 257 I_DIS)
  (net 258 V_DIS)
  (net 259 I_BATT)
  (net 260 V_BATT)
  (net 261 "Net-(D2-Pad1)")
  (net 262 "Net-(D3-Pad2)")
  (net 263 "Net-(D110-Pad2)")
  (net 264 "Net-(D111-Pad2)")
  (net 265 "Net-(D112-Pad2)")
  (net 266 "Net-(D113-Pad1)")
  (net 267 "Net-(J104-Pad7)")
  (net 268 "Net-(J104-Pad8)")
  (net 269 CHG_ON)
  (net 270 DIS_ON)
  (net 271 BATT_ON)
  (net 272 STM32_RX)
  (net 273 STM32_TX)
  (net 274 ~BMS_FAULT)
  (net 275 BMS_WAKEUP)
  (net 276 NORTH_COML_P)
  (net 277 NORTH_FAULTL_P)
  (net 278 SOUTH_COMN_P)
  (net 279 SOUTH_FAULTN_P)
  (net 280 CHG_FAULT)
  (net 281 DIS_FAULT)
  (net 282 BATT_FAULT)
  (net 283 "Net-(J500-Pad1)")
  (net 284 "Net-(J500-Pad2)")
  (net 285 "Net-(J500-Pad3)")
  (net 286 "Net-(J500-Pad4)")
  (net 287 "Net-(J500-Pad5)")
  (net 288 "Net-(J500-Pad6)")
  (net 289 "Net-(J500-Pad7)")
  (net 290 "Net-(J500-Pad8)")
  (net 291 "Net-(J500-Pad9)")
  (net 292 "Net-(J500-Pad10)")
  (net 293 "Net-(J500-Pad11)")
  (net 294 "Net-(J500-Pad19)")
  (net 295 SOUTH_CELL_4)

  (net_class Default "This is the default net class."
    (clearance 0.2)
    (trace_width 0.25)
    (via_dia 0.8)
    (via_drill 0.4)
    (uvia_dia 0.3)
    (uvia_drill 0.1)
    (add_net +3V3)
    (add_net +BATT)
    (add_net /INPUT_OUTPUT/BATT_RAW)
    (add_net /INPUT_OUTPUT/CHG_MSRD)
    (add_net /INPUT_OUTPUT/CHG_RAW)
    (add_net /INPUT_OUTPUT/DIS_MSRD)
    (add_net /INPUT_OUTPUT/DIS_RAW)
    (add_net /INPUT_OUTPUT/MIXED_PWR_PLANE)
    (add_net /MCU/BATT_LED)
    (add_net /MCU/BATT_ON_J)
    (add_net /MCU/BMS_WAKEUP_J)
    (add_net /MCU/CAN_H_P)
    (add_net /MCU/CAN_L_N)
    (add_net /MCU/CAN_RX_N)
    (add_net /MCU/CAN_RX_P)
    (add_net /MCU/CAN_SH)
    (add_net /MCU/CAN_TX_N)
    (add_net /MCU/CAN_TX_P)
    (add_net /MCU/CHG_LED)
    (add_net /MCU/CHG_ON_J)
    (add_net /MCU/DIAGS_RX_N)
    (add_net /MCU/DIAGS_TX_P)
    (add_net /MCU/DIS_LED)
    (add_net /MCU/DIS_ON_J)
    (add_net /MCU/I_BATT_J)
    (add_net /MCU/I_CHG_J)
    (add_net /MCU/I_DIS_J)
    (add_net /MCU/JTAG_NRST)
    (add_net /MCU/JTAG_SWDCLK\TCK)
    (add_net /MCU/JTAG_SWDIO\TMS)
    (add_net /MCU/JTAG_TDI)
    (add_net /MCU/JTAG_TDO)
    (add_net /MCU/SM0)
    (add_net /MCU/SM1)
    (add_net /MCU/STM32_RX_P)
    (add_net /MCU/STM32_TX_N)
    (add_net /MCU/USR_BUTTON)
    (add_net /MCU/V_BATT_J)
    (add_net /MCU/V_CHG_J)
    (add_net /MCU/V_DIS_J)
    (add_net /MCU/XTAL32_IN_P)
    (add_net /MCU/XTAL32_OUT_N)
    (add_net /MCU/XTAL_IN_P)
    (add_net /MCU/XTAL_OUT_N)
    (add_net /MCU/~BMS_FAULT_J)
    (add_net /MCU/~RESET)
    (add_net /NORTH_BQ/NORTH_BAL_CELL0_FILT)
    (add_net /NORTH_BQ/NORTH_BAL_CELL1_FILT)
    (add_net /NORTH_BQ/NORTH_BAL_CELL2_FILT)
    (add_net /NORTH_BQ/NORTH_BAL_CELL3_FILT)
    (add_net /NORTH_BQ/NORTH_BAL_CELL4_FILT)
    (add_net /NORTH_BQ/NORTH_BAL_CELL5_FILT)
    (add_net /NORTH_BQ/NORTH_BAL_CELL6_FILT)
    (add_net /NORTH_BQ/NORTH_BAT)
    (add_net /NORTH_BQ/NORTH_COMH_N)
    (add_net /NORTH_BQ/NORTH_COMH_P)
    (add_net /NORTH_BQ/NORTH_FAULTH_N)
    (add_net /NORTH_BQ/NORTH_FAULTH_P)
    (add_net /NORTH_BQ/NORTH_LDOIN)
    (add_net /NORTH_BQ/NORTH_TAP_CELL0_FILT)
    (add_net /NORTH_BQ/NORTH_TAP_CELL1_FILT)
    (add_net /NORTH_BQ/NORTH_TAP_CELL2_FILT)
    (add_net /NORTH_BQ/NORTH_TAP_CELL3_FILT)
    (add_net /NORTH_BQ/NORTH_TAP_CELL4_FILT)
    (add_net /NORTH_BQ/NORTH_TAP_CELL5_FILT)
    (add_net /NORTH_BQ/NORTH_TAP_CELL6_FILT)
    (add_net /NORTH_BQ/NORTH_THERM_FILT_1)
    (add_net /NORTH_BQ/NORTH_THERM_FILT_2)
    (add_net /NORTH_BQ/NORTH_THERM_FILT_3)
    (add_net /NORTH_BQ/NORTH_THERM_FILT_4)
    (add_net /NORTH_BQ/NORTH_THERM_FILT_5)
    (add_net /NORTH_BQ/NORTH_THERM_FILT_6)
    (add_net "/South(Master)_BQ/SOUTH_BAL_CELL0_FILT")
    (add_net "/South(Master)_BQ/SOUTH_BAL_CELL1_FILT")
    (add_net "/South(Master)_BQ/SOUTH_BAL_CELL2_FILT")
    (add_net "/South(Master)_BQ/SOUTH_BAL_CELL3_FILT")
    (add_net "/South(Master)_BQ/SOUTH_BAL_CELL4_FILT")
    (add_net "/South(Master)_BQ/SOUTH_BAL_CELL5_FILT")
    (add_net "/South(Master)_BQ/SOUTH_BAL_CELL6_FILT")
    (add_net "/South(Master)_BQ/SOUTH_BAT")
    (add_net "/South(Master)_BQ/SOUTH_COMH_N")
    (add_net "/South(Master)_BQ/SOUTH_COMH_P")
    (add_net "/South(Master)_BQ/SOUTH_FAULTH_N")
    (add_net "/South(Master)_BQ/SOUTH_FAULTH_P")
    (add_net "/South(Master)_BQ/SOUTH_LDOIN")
    (add_net "/South(Master)_BQ/SOUTH_TAP_CELL0_FILT")
    (add_net "/South(Master)_BQ/SOUTH_TAP_CELL1_FILT")
    (add_net "/South(Master)_BQ/SOUTH_TAP_CELL2_FILT")
    (add_net "/South(Master)_BQ/SOUTH_TAP_CELL3_FILT")
    (add_net "/South(Master)_BQ/SOUTH_TAP_CELL4_FILT")
    (add_net "/South(Master)_BQ/SOUTH_TAP_CELL5_FILT")
    (add_net "/South(Master)_BQ/SOUTH_TAP_CELL6_FILT")
    (add_net "/South(Master)_BQ/SOUTH_THERM_FILT_1")
    (add_net "/South(Master)_BQ/SOUTH_THERM_FILT_2")
    (add_net "/South(Master)_BQ/SOUTH_THERM_FILT_3")
    (add_net "/South(Master)_BQ/SOUTH_THERM_FILT_4")
    (add_net "/South(Master)_BQ/SOUTH_THERM_FILT_5")
    (add_net "/South(Master)_BQ/SOUTH_THERM_FILT_6")
    (add_net BATT_FAULT)
    (add_net BATT_ON)
    (add_net BMS_WAKEUP)
    (add_net CHG_FAULT)
    (add_net CHG_ON)
    (add_net DIS_FAULT)
    (add_net DIS_ON)
    (add_net GND)
    (add_net GNDS)
    (add_net I_BATT)
    (add_net I_CHG)
    (add_net I_DIS)
    (add_net NORTH_CELL_0)
    (add_net NORTH_CELL_2)
    (add_net NORTH_CELL_3)
    (add_net NORTH_CELL_5)
    (add_net NORTH_CELL_6)
    (add_net NORTH_COML_N)
    (add_net NORTH_COML_P)
    (add_net NORTH_FAULTL_N)
    (add_net NORTH_FAULTL_P)
    (add_net NORTH_THERM1_N)
    (add_net NORTH_THERM1_P)
    (add_net NORTH_THERM2_N)
    (add_net NORTH_THERM3_N)
    (add_net NORTH_THERM4_N)
    (add_net NORTH_THERM5_N)
    (add_net NORTH_THERM6_N)
    (add_net "Net-(C100-Pad1)")
    (add_net "Net-(C101-Pad1)")
    (add_net "Net-(C115-Pad1)")
    (add_net "Net-(C214-Pad1)")
    (add_net "Net-(C214-Pad2)")
    (add_net "Net-(C215-Pad1)")
    (add_net "Net-(C215-Pad2)")
    (add_net "Net-(C221-Pad1)")
    (add_net "Net-(C221-Pad2)")
    (add_net "Net-(C223-Pad1)")
    (add_net "Net-(C223-Pad2)")
    (add_net "Net-(C226-Pad1)")
    (add_net "Net-(C228-Pad1)")
    (add_net "Net-(C229-Pad1)")
    (add_net "Net-(C230-Pad1)")
    (add_net "Net-(C231-Pad1)")
    (add_net "Net-(C303-Pad2)")
    (add_net "Net-(C315-Pad2)")
    (add_net "Net-(C316-Pad2)")
    (add_net "Net-(C319-Pad1)")
    (add_net "Net-(C319-Pad2)")
    (add_net "Net-(C321-Pad2)")
    (add_net "Net-(C322-Pad2)")
    (add_net "Net-(C324-Pad1)")
    (add_net "Net-(C324-Pad2)")
    (add_net "Net-(C328-Pad1)")
    (add_net "Net-(C330-Pad1)")
    (add_net "Net-(C331-Pad1)")
    (add_net "Net-(C332-Pad1)")
    (add_net "Net-(D100-Pad2)")
    (add_net "Net-(D104-Pad2)")
    (add_net "Net-(D105-Pad2)")
    (add_net "Net-(D106-Pad2)")
    (add_net "Net-(D107-Pad2)")
    (add_net "Net-(D108-Pad2)")
    (add_net "Net-(D110-Pad2)")
    (add_net "Net-(D111-Pad2)")
    (add_net "Net-(D112-Pad2)")
    (add_net "Net-(D113-Pad1)")
    (add_net "Net-(D2-Pad1)")
    (add_net "Net-(D3-Pad2)")
    (add_net "Net-(F400-Pad1)")
    (add_net "Net-(F401-Pad2)")
    (add_net "Net-(F402-Pad1)")
    (add_net "Net-(H0-Pad1)")
    (add_net "Net-(H1-Pad1)")
    (add_net "Net-(H2-Pad1)")
    (add_net "Net-(H3-Pad1)")
    (add_net "Net-(J100-Pad4)")
    (add_net "Net-(J102-Pad4)")
    (add_net "Net-(J104-Pad7)")
    (add_net "Net-(J104-Pad8)")
    (add_net "Net-(J500-Pad1)")
    (add_net "Net-(J500-Pad10)")
    (add_net "Net-(J500-Pad11)")
    (add_net "Net-(J500-Pad19)")
    (add_net "Net-(J500-Pad2)")
    (add_net "Net-(J500-Pad20)")
    (add_net "Net-(J500-Pad3)")
    (add_net "Net-(J500-Pad4)")
    (add_net "Net-(J500-Pad5)")
    (add_net "Net-(J500-Pad6)")
    (add_net "Net-(J500-Pad7)")
    (add_net "Net-(J500-Pad8)")
    (add_net "Net-(J500-Pad9)")
    (add_net "Net-(J501-Pad20)")
    (add_net "Net-(JP100-Pad2)")
    (add_net "Net-(Q400-Pad3)")
    (add_net "Net-(Q401-Pad3)")
    (add_net "Net-(Q402-Pad3)")
    (add_net "Net-(R10-Pad2)")
    (add_net "Net-(R123-Pad2)")
    (add_net "Net-(R328-Pad1)")
    (add_net "Net-(R328-Pad2)")
    (add_net "Net-(R329-Pad1)")
    (add_net "Net-(R404-Pad1)")
    (add_net "Net-(R405-Pad1)")
    (add_net "Net-(R406-Pad1)")
    (add_net "Net-(R407-Pad1)")
    (add_net "Net-(R416-Pad1)")
    (add_net "Net-(R417-Pad1)")
    (add_net "Net-(R9-Pad2)")
    (add_net "Net-(TP100-Pad1)")
    (add_net "Net-(U1-Pad34)")
    (add_net "Net-(U1-Pad38)")
    (add_net "Net-(U1-Pad40)")
    (add_net "Net-(U1-Pad42)")
    (add_net "Net-(U1-Pad47)")
    (add_net "Net-(U100-Pad2)")
    (add_net "Net-(U100-Pad3)")
    (add_net "Net-(U100-Pad7)")
    (add_net "Net-(U101-Pad10)")
    (add_net "Net-(U101-Pad11)")
    (add_net "Net-(U101-Pad14)")
    (add_net "Net-(U101-Pad15)")
    (add_net "Net-(U101-Pad16)")
    (add_net "Net-(U101-Pad17)")
    (add_net "Net-(U101-Pad2)")
    (add_net "Net-(U101-Pad20)")
    (add_net "Net-(U101-Pad21)")
    (add_net "Net-(U101-Pad22)")
    (add_net "Net-(U101-Pad23)")
    (add_net "Net-(U101-Pad26)")
    (add_net "Net-(U101-Pad27)")
    (add_net "Net-(U101-Pad28)")
    (add_net "Net-(U101-Pad33)")
    (add_net "Net-(U101-Pad34)")
    (add_net "Net-(U101-Pad35)")
    (add_net "Net-(U101-Pad36)")
    (add_net "Net-(U101-Pad37)")
    (add_net "Net-(U101-Pad38)")
    (add_net "Net-(U101-Pad39)")
    (add_net "Net-(U101-Pad40)")
    (add_net "Net-(U101-Pad41)")
    (add_net "Net-(U101-Pad42)")
    (add_net "Net-(U101-Pad43)")
    (add_net "Net-(U101-Pad51)")
    (add_net "Net-(U101-Pad52)")
    (add_net "Net-(U101-Pad53)")
    (add_net "Net-(U101-Pad54)")
    (add_net "Net-(U101-Pad57)")
    (add_net "Net-(U101-Pad58)")
    (add_net "Net-(U101-Pad59)")
    (add_net "Net-(U101-Pad61)")
    (add_net "Net-(U101-Pad62)")
    (add_net "Net-(U101-Pad8)")
    (add_net "Net-(U101-Pad9)")
    (add_net "Net-(U102-Pad5)")
    (add_net "Net-(U102-Pad8)")
    (add_net "Net-(U200-Pad34)")
    (add_net "Net-(U200-Pad38)")
    (add_net "Net-(U200-Pad47)")
    (add_net "Net-(U400-Pad10)")
    (add_net "Net-(U400-Pad7)")
    (add_net "Net-(U400-Pad8)")
    (add_net "Net-(U400-Pad9)")
    (add_net "Net-(U402-Pad10)")
    (add_net "Net-(U402-Pad7)")
    (add_net "Net-(U402-Pad8)")
    (add_net "Net-(U402-Pad9)")
    (add_net "Net-(U405-Pad10)")
    (add_net "Net-(U405-Pad7)")
    (add_net "Net-(U405-Pad8)")
    (add_net "Net-(U405-Pad9)")
    (add_net SOUTH_CELL_0)
    (add_net SOUTH_CELL_1)
    (add_net SOUTH_CELL_2)
    (add_net SOUTH_CELL_3)
    (add_net SOUTH_CELL_4)
    (add_net SOUTH_CELL_5)
    (add_net SOUTH_CELL_6)
    (add_net SOUTH_COMN_N)
    (add_net SOUTH_COMN_P)
    (add_net SOUTH_FAULTN_N)
    (add_net SOUTH_FAULTN_P)
    (add_net SOUTH_THERM1_N)
    (add_net SOUTH_THERM1_P)
    (add_net SOUTH_THERM2_N)
    (add_net SOUTH_THERM3_N)
    (add_net SOUTH_THERM4_N)
    (add_net SOUTH_THERM5_N)
    (add_net SOUTH_THERM6_N)
    (add_net STM32_RX)
    (add_net STM32_TX)
    (add_net VDDA)
    (add_net V_BATT)
    (add_net V_CHG)
    (add_net V_DIS)
    (add_net ~BMS_FAULT)
  )

  (module Capacitor_SMD:C_0603_1608Metric (layer F.Cu) (tedit 5B301BBE) (tstamp 5E857378)
    (at 37.9476 51.3588 270)
    (descr "Capacitor SMD 0603 (1608 Metric), square (rectangular) end terminal, IPC_7351 nominal, (Body size source: http://www.tortai-tech.com/upload/download/2011102023233369053.pdf), generated with kicad-footprint-generator")
    (tags capacitor)
    (path /5FBE719C/5FC05115)
    (attr smd)
    (fp_text reference C200 (at 0 -2.6416 90) (layer F.SilkS)
      (effects (font (size 0.5 0.5) (thickness 0.125)))
    )
    (fp_text value 0.47uF (at 0 1.43 90) (layer F.Fab)
      (effects (font (size 1 1) (thickness 0.15)))
    )
    (fp_line (start -0.8 0.4) (end -0.8 -0.4) (layer F.Fab) (width 0.1))
    (fp_line (start -0.8 -0.4) (end 0.8 -0.4) (layer F.Fab) (width 0.1))
    (fp_line (start 0.8 -0.4) (end 0.8 0.4) (layer F.Fab) (width 0.1))
    (fp_line (start 0.8 0.4) (end -0.8 0.4) (layer F.Fab) (width 0.1))
    (fp_line (start -0.162779 -0.51) (end 0.162779 -0.51) (layer F.SilkS) (width 0.12))
    (fp_line (start -0.162779 0.51) (end 0.162779 0.51) (layer F.SilkS) (width 0.12))
    (fp_line (start -1.48 0.73) (end -1.48 -0.73) (layer F.CrtYd) (width 0.05))
    (fp_line (start -1.48 -0.73) (end 1.48 -0.73) (layer F.CrtYd) (width 0.05))
    (fp_line (start 1.48 -0.73) (end 1.48 0.73) (layer F.CrtYd) (width 0.05))
    (fp_line (start 1.48 0.73) (end -1.48 0.73) (layer F.CrtYd) (width 0.05))
    (pad 1 smd roundrect (at -0.7875 0 270) (size 0.875 0.95) (layers F.Cu F.Paste F.Mask) (roundrect_rratio 0.25)
      (net 9 "/South(Master)_BQ/SOUTH_TAP_CELL6_FILT"))
    (pad 2 smd roundrect (at 0.7875 0 270) (size 0.875 0.95) (layers F.Cu F.Paste F.Mask) (roundrect_rratio 0.25)
      (net 8 "/South(Master)_BQ/SOUTH_TAP_CELL5_FILT"))
    (model ${KISYS3DMOD}/Capacitor_SMD.3dshapes/C_0603_1608Metric.wrl
      (at (xyz 0 0 0))
      (scale (xyz 1 1 1))
      (rotate (xyz 0 0 0))
    )
  )

  (module Capacitor_SMD:C_0603_1608Metric (layer F.Cu) (tedit 5B301BBE) (tstamp 5E88EE2A)
    (at 63.881 74.549 270)
    (descr "Capacitor SMD 0603 (1608 Metric), square (rectangular) end terminal, IPC_7351 nominal, (Body size source: http://www.tortai-tech.com/upload/download/2011102023233369053.pdf), generated with kicad-footprint-generator")
    (tags capacitor)
    (path /5E87C86B)
    (attr smd)
    (fp_text reference C1 (at 0 -1.43 90) (layer F.SilkS)
      (effects (font (size 0.5 0.5) (thickness 0.125)))
    )
    (fp_text value CXX (at -0.254 -2.794 90) (layer F.Fab)
      (effects (font (size 1 1) (thickness 0.15)))
    )
    (fp_line (start -0.8 0.4) (end -0.8 -0.4) (layer F.Fab) (width 0.1))
    (fp_line (start -0.8 -0.4) (end 0.8 -0.4) (layer F.Fab) (width 0.1))
    (fp_line (start 0.8 -0.4) (end 0.8 0.4) (layer F.Fab) (width 0.1))
    (fp_line (start 0.8 0.4) (end -0.8 0.4) (layer F.Fab) (width 0.1))
    (fp_line (start -0.162779 -0.51) (end 0.162779 -0.51) (layer F.SilkS) (width 0.12))
    (fp_line (start -0.162779 0.51) (end 0.162779 0.51) (layer F.SilkS) (width 0.12))
    (fp_line (start -1.48 0.73) (end -1.48 -0.73) (layer F.CrtYd) (width 0.05))
    (fp_line (start -1.48 -0.73) (end 1.48 -0.73) (layer F.CrtYd) (width 0.05))
    (fp_line (start 1.48 -0.73) (end 1.48 0.73) (layer F.CrtYd) (width 0.05))
    (fp_line (start 1.48 0.73) (end -1.48 0.73) (layer F.CrtYd) (width 0.05))
    (fp_text user %R (at 0 0 90) (layer F.SilkS)
      (effects (font (size 0.5 0.5) (thickness 0.125)))
    )
    (pad 1 smd roundrect (at -0.7875 0 270) (size 0.875 0.95) (layers F.Cu F.Paste F.Mask) (roundrect_rratio 0.25)
      (net 2 GND))
    (pad 2 smd roundrect (at 0.7875 0 270) (size 0.875 0.95) (layers F.Cu F.Paste F.Mask) (roundrect_rratio 0.25)
      (net 217 GNDS))
    (model ${KISYS3DMOD}/Capacitor_SMD.3dshapes/C_0603_1608Metric.wrl
      (at (xyz 0 0 0))
      (scale (xyz 1 1 1))
      (rotate (xyz 0 0 0))
    )
  )

  (module Capacitor_SMD:C_0603_1608Metric (layer F.Cu) (tedit 5B301BBE) (tstamp 5E857268)
    (at 78.3082 100.1522 90)
    (descr "Capacitor SMD 0603 (1608 Metric), square (rectangular) end terminal, IPC_7351 nominal, (Body size source: http://www.tortai-tech.com/upload/download/2011102023233369053.pdf), generated with kicad-footprint-generator")
    (tags capacitor)
    (path /5FD707DF/6136825F)
    (attr smd)
    (fp_text reference C100 (at 0 -1.43 90) (layer F.SilkS)
      (effects (font (size 0.5 0.5) (thickness 0.125)))
    )
    (fp_text value 1uF (at 0 1.43 90) (layer F.Fab)
      (effects (font (size 1 1) (thickness 0.15)))
    )
    (fp_line (start -0.8 0.4) (end -0.8 -0.4) (layer F.Fab) (width 0.1))
    (fp_line (start -0.8 -0.4) (end 0.8 -0.4) (layer F.Fab) (width 0.1))
    (fp_line (start 0.8 -0.4) (end 0.8 0.4) (layer F.Fab) (width 0.1))
    (fp_line (start 0.8 0.4) (end -0.8 0.4) (layer F.Fab) (width 0.1))
    (fp_line (start -0.162779 -0.51) (end 0.162779 -0.51) (layer F.SilkS) (width 0.12))
    (fp_line (start -0.162779 0.51) (end 0.162779 0.51) (layer F.SilkS) (width 0.12))
    (fp_line (start -1.48 0.73) (end -1.48 -0.73) (layer F.CrtYd) (width 0.05))
    (fp_line (start -1.48 -0.73) (end 1.48 -0.73) (layer F.CrtYd) (width 0.05))
    (fp_line (start 1.48 -0.73) (end 1.48 0.73) (layer F.CrtYd) (width 0.05))
    (fp_line (start 1.48 0.73) (end -1.48 0.73) (layer F.CrtYd) (width 0.05))
    (fp_text user %R (at 0 0 90) (layer F.SilkS)
      (effects (font (size 0.5 0.5) (thickness 0.125)))
    )
    (pad 1 smd roundrect (at -0.7875 0 90) (size 0.875 0.95) (layers F.Cu F.Paste F.Mask) (roundrect_rratio 0.25)
      (net 1 "Net-(C100-Pad1)"))
    (pad 2 smd roundrect (at 0.7875 0 90) (size 0.875 0.95) (layers F.Cu F.Paste F.Mask) (roundrect_rratio 0.25)
      (net 2 GND))
    (model ${KISYS3DMOD}/Capacitor_SMD.3dshapes/C_0603_1608Metric.wrl
      (at (xyz 0 0 0))
      (scale (xyz 1 1 1))
      (rotate (xyz 0 0 0))
    )
  )

  (module Capacitor_SMD:C_0603_1608Metric (layer F.Cu) (tedit 5B301BBE) (tstamp 5E90E8E1)
    (at 76.6318 103.7843 90)
    (descr "Capacitor SMD 0603 (1608 Metric), square (rectangular) end terminal, IPC_7351 nominal, (Body size source: http://www.tortai-tech.com/upload/download/2011102023233369053.pdf), generated with kicad-footprint-generator")
    (tags capacitor)
    (path /5FD707DF/6136364C)
    (attr smd)
    (fp_text reference C101 (at 0 -1.43 90) (layer F.SilkS)
      (effects (font (size 0.5 0.5) (thickness 0.125)))
    )
    (fp_text value 0.1uF (at 0 1.43 90) (layer F.Fab)
      (effects (font (size 1 1) (thickness 0.15)))
    )
    (fp_text user %R (at 0 0 90) (layer F.SilkS)
      (effects (font (size 0.5 0.5) (thickness 0.125)))
    )
    (fp_line (start 1.48 0.73) (end -1.48 0.73) (layer F.CrtYd) (width 0.05))
    (fp_line (start 1.48 -0.73) (end 1.48 0.73) (layer F.CrtYd) (width 0.05))
    (fp_line (start -1.48 -0.73) (end 1.48 -0.73) (layer F.CrtYd) (width 0.05))
    (fp_line (start -1.48 0.73) (end -1.48 -0.73) (layer F.CrtYd) (width 0.05))
    (fp_line (start -0.162779 0.51) (end 0.162779 0.51) (layer F.SilkS) (width 0.12))
    (fp_line (start -0.162779 -0.51) (end 0.162779 -0.51) (layer F.SilkS) (width 0.12))
    (fp_line (start 0.8 0.4) (end -0.8 0.4) (layer F.Fab) (width 0.1))
    (fp_line (start 0.8 -0.4) (end 0.8 0.4) (layer F.Fab) (width 0.1))
    (fp_line (start -0.8 -0.4) (end 0.8 -0.4) (layer F.Fab) (width 0.1))
    (fp_line (start -0.8 0.4) (end -0.8 -0.4) (layer F.Fab) (width 0.1))
    (pad 2 smd roundrect (at 0.7875 0 90) (size 0.875 0.95) (layers F.Cu F.Paste F.Mask) (roundrect_rratio 0.25)
      (net 2 GND))
    (pad 1 smd roundrect (at -0.7875 0 90) (size 0.875 0.95) (layers F.Cu F.Paste F.Mask) (roundrect_rratio 0.25)
      (net 3 "Net-(C101-Pad1)"))
    (model ${KISYS3DMOD}/Capacitor_SMD.3dshapes/C_0603_1608Metric.wrl
      (at (xyz 0 0 0))
      (scale (xyz 1 1 1))
      (rotate (xyz 0 0 0))
    )
  )

  (module Capacitor_SMD:C_0603_1608Metric (layer F.Cu) (tedit 5B301BBE) (tstamp 5E85728A)
    (at 215.346801 72.780401)
    (descr "Capacitor SMD 0603 (1608 Metric), square (rectangular) end terminal, IPC_7351 nominal, (Body size source: http://www.tortai-tech.com/upload/download/2011102023233369053.pdf), generated with kicad-footprint-generator")
    (tags capacitor)
    (path /5FD707DF/6137FA77)
    (attr smd)
    (fp_text reference C102 (at 0 -1.43) (layer F.SilkS)
      (effects (font (size 0.5 0.5) (thickness 0.125)))
    )
    (fp_text value 1uF (at 0 1.43) (layer F.Fab)
      (effects (font (size 1 1) (thickness 0.15)))
    )
    (fp_text user %R (at 0 0) (layer F.SilkS)
      (effects (font (size 0.5 0.5) (thickness 0.125)))
    )
    (fp_line (start 1.48 0.73) (end -1.48 0.73) (layer F.CrtYd) (width 0.05))
    (fp_line (start 1.48 -0.73) (end 1.48 0.73) (layer F.CrtYd) (width 0.05))
    (fp_line (start -1.48 -0.73) (end 1.48 -0.73) (layer F.CrtYd) (width 0.05))
    (fp_line (start -1.48 0.73) (end -1.48 -0.73) (layer F.CrtYd) (width 0.05))
    (fp_line (start -0.162779 0.51) (end 0.162779 0.51) (layer F.SilkS) (width 0.12))
    (fp_line (start -0.162779 -0.51) (end 0.162779 -0.51) (layer F.SilkS) (width 0.12))
    (fp_line (start 0.8 0.4) (end -0.8 0.4) (layer F.Fab) (width 0.1))
    (fp_line (start 0.8 -0.4) (end 0.8 0.4) (layer F.Fab) (width 0.1))
    (fp_line (start -0.8 -0.4) (end 0.8 -0.4) (layer F.Fab) (width 0.1))
    (fp_line (start -0.8 0.4) (end -0.8 -0.4) (layer F.Fab) (width 0.1))
    (pad 2 smd roundrect (at 0.7875 0) (size 0.875 0.95) (layers F.Cu F.Paste F.Mask) (roundrect_rratio 0.25)
      (net 2 GND))
    (pad 1 smd roundrect (at -0.7875 0) (size 0.875 0.95) (layers F.Cu F.Paste F.Mask) (roundrect_rratio 0.25)
      (net 4 +3V3))
    (model ${KISYS3DMOD}/Capacitor_SMD.3dshapes/C_0603_1608Metric.wrl
      (at (xyz 0 0 0))
      (scale (xyz 1 1 1))
      (rotate (xyz 0 0 0))
    )
  )

  (module Capacitor_SMD:C_0603_1608Metric (layer F.Cu) (tedit 5B301BBE) (tstamp 5E85729B)
    (at 210.006801 77.800401)
    (descr "Capacitor SMD 0603 (1608 Metric), square (rectangular) end terminal, IPC_7351 nominal, (Body size source: http://www.tortai-tech.com/upload/download/2011102023233369053.pdf), generated with kicad-footprint-generator")
    (tags capacitor)
    (path /5FD707DF/611A5A1C)
    (attr smd)
    (fp_text reference C103 (at 0 -1.43) (layer F.SilkS)
      (effects (font (size 0.5 0.5) (thickness 0.125)))
    )
    (fp_text value 0.47uF (at 0 1.43) (layer F.Fab)
      (effects (font (size 1 1) (thickness 0.15)))
    )
    (fp_line (start -0.8 0.4) (end -0.8 -0.4) (layer F.Fab) (width 0.1))
    (fp_line (start -0.8 -0.4) (end 0.8 -0.4) (layer F.Fab) (width 0.1))
    (fp_line (start 0.8 -0.4) (end 0.8 0.4) (layer F.Fab) (width 0.1))
    (fp_line (start 0.8 0.4) (end -0.8 0.4) (layer F.Fab) (width 0.1))
    (fp_line (start -0.162779 -0.51) (end 0.162779 -0.51) (layer F.SilkS) (width 0.12))
    (fp_line (start -0.162779 0.51) (end 0.162779 0.51) (layer F.SilkS) (width 0.12))
    (fp_line (start -1.48 0.73) (end -1.48 -0.73) (layer F.CrtYd) (width 0.05))
    (fp_line (start -1.48 -0.73) (end 1.48 -0.73) (layer F.CrtYd) (width 0.05))
    (fp_line (start 1.48 -0.73) (end 1.48 0.73) (layer F.CrtYd) (width 0.05))
    (fp_line (start 1.48 0.73) (end -1.48 0.73) (layer F.CrtYd) (width 0.05))
    (fp_text user %R (at 0 0) (layer F.SilkS)
      (effects (font (size 0.5 0.5) (thickness 0.125)))
    )
    (pad 1 smd roundrect (at -0.7875 0) (size 0.875 0.95) (layers F.Cu F.Paste F.Mask) (roundrect_rratio 0.25)
      (net 4 +3V3))
    (pad 2 smd roundrect (at 0.7875 0) (size 0.875 0.95) (layers F.Cu F.Paste F.Mask) (roundrect_rratio 0.25)
      (net 2 GND))
    (model ${KISYS3DMOD}/Capacitor_SMD.3dshapes/C_0603_1608Metric.wrl
      (at (xyz 0 0 0))
      (scale (xyz 1 1 1))
      (rotate (xyz 0 0 0))
    )
  )

  (module Capacitor_SMD:C_0603_1608Metric (layer F.Cu) (tedit 5B301BBE) (tstamp 5E8572AC)
    (at 205.996801 80.270401)
    (descr "Capacitor SMD 0603 (1608 Metric), square (rectangular) end terminal, IPC_7351 nominal, (Body size source: http://www.tortai-tech.com/upload/download/2011102023233369053.pdf), generated with kicad-footprint-generator")
    (tags capacitor)
    (path /5FD707DF/611A5F88)
    (attr smd)
    (fp_text reference C104 (at 0 -1.43) (layer F.SilkS)
      (effects (font (size 0.5 0.5) (thickness 0.125)))
    )
    (fp_text value 0.47uF (at 0 1.43) (layer F.Fab)
      (effects (font (size 1 1) (thickness 0.15)))
    )
    (fp_line (start -0.8 0.4) (end -0.8 -0.4) (layer F.Fab) (width 0.1))
    (fp_line (start -0.8 -0.4) (end 0.8 -0.4) (layer F.Fab) (width 0.1))
    (fp_line (start 0.8 -0.4) (end 0.8 0.4) (layer F.Fab) (width 0.1))
    (fp_line (start 0.8 0.4) (end -0.8 0.4) (layer F.Fab) (width 0.1))
    (fp_line (start -0.162779 -0.51) (end 0.162779 -0.51) (layer F.SilkS) (width 0.12))
    (fp_line (start -0.162779 0.51) (end 0.162779 0.51) (layer F.SilkS) (width 0.12))
    (fp_line (start -1.48 0.73) (end -1.48 -0.73) (layer F.CrtYd) (width 0.05))
    (fp_line (start -1.48 -0.73) (end 1.48 -0.73) (layer F.CrtYd) (width 0.05))
    (fp_line (start 1.48 -0.73) (end 1.48 0.73) (layer F.CrtYd) (width 0.05))
    (fp_line (start 1.48 0.73) (end -1.48 0.73) (layer F.CrtYd) (width 0.05))
    (fp_text user %R (at 0 0) (layer F.SilkS)
      (effects (font (size 0.5 0.5) (thickness 0.125)))
    )
    (pad 1 smd roundrect (at -0.7875 0) (size 0.875 0.95) (layers F.Cu F.Paste F.Mask) (roundrect_rratio 0.25)
      (net 4 +3V3))
    (pad 2 smd roundrect (at 0.7875 0) (size 0.875 0.95) (layers F.Cu F.Paste F.Mask) (roundrect_rratio 0.25)
      (net 2 GND))
    (model ${KISYS3DMOD}/Capacitor_SMD.3dshapes/C_0603_1608Metric.wrl
      (at (xyz 0 0 0))
      (scale (xyz 1 1 1))
      (rotate (xyz 0 0 0))
    )
  )

  (module Capacitor_SMD:C_0603_1608Metric (layer F.Cu) (tedit 5B301BBE) (tstamp 5E8572BD)
    (at 210.006801 75.290401)
    (descr "Capacitor SMD 0603 (1608 Metric), square (rectangular) end terminal, IPC_7351 nominal, (Body size source: http://www.tortai-tech.com/upload/download/2011102023233369053.pdf), generated with kicad-footprint-generator")
    (tags capacitor)
    (path /5FD707DF/611A6E82)
    (attr smd)
    (fp_text reference C105 (at 0 -1.43) (layer F.SilkS)
      (effects (font (size 0.5 0.5) (thickness 0.125)))
    )
    (fp_text value 0.47uF (at 0 1.43) (layer F.Fab)
      (effects (font (size 1 1) (thickness 0.15)))
    )
    (fp_text user %R (at 0 0) (layer F.SilkS)
      (effects (font (size 0.5 0.5) (thickness 0.125)))
    )
    (fp_line (start 1.48 0.73) (end -1.48 0.73) (layer F.CrtYd) (width 0.05))
    (fp_line (start 1.48 -0.73) (end 1.48 0.73) (layer F.CrtYd) (width 0.05))
    (fp_line (start -1.48 -0.73) (end 1.48 -0.73) (layer F.CrtYd) (width 0.05))
    (fp_line (start -1.48 0.73) (end -1.48 -0.73) (layer F.CrtYd) (width 0.05))
    (fp_line (start -0.162779 0.51) (end 0.162779 0.51) (layer F.SilkS) (width 0.12))
    (fp_line (start -0.162779 -0.51) (end 0.162779 -0.51) (layer F.SilkS) (width 0.12))
    (fp_line (start 0.8 0.4) (end -0.8 0.4) (layer F.Fab) (width 0.1))
    (fp_line (start 0.8 -0.4) (end 0.8 0.4) (layer F.Fab) (width 0.1))
    (fp_line (start -0.8 -0.4) (end 0.8 -0.4) (layer F.Fab) (width 0.1))
    (fp_line (start -0.8 0.4) (end -0.8 -0.4) (layer F.Fab) (width 0.1))
    (pad 2 smd roundrect (at 0.7875 0) (size 0.875 0.95) (layers F.Cu F.Paste F.Mask) (roundrect_rratio 0.25)
      (net 2 GND))
    (pad 1 smd roundrect (at -0.7875 0) (size 0.875 0.95) (layers F.Cu F.Paste F.Mask) (roundrect_rratio 0.25)
      (net 4 +3V3))
    (model ${KISYS3DMOD}/Capacitor_SMD.3dshapes/C_0603_1608Metric.wrl
      (at (xyz 0 0 0))
      (scale (xyz 1 1 1))
      (rotate (xyz 0 0 0))
    )
  )

  (module Capacitor_SMD:C_0603_1608Metric (layer F.Cu) (tedit 5B301BBE) (tstamp 5E8572CE)
    (at 221.566801 65.250401)
    (descr "Capacitor SMD 0603 (1608 Metric), square (rectangular) end terminal, IPC_7351 nominal, (Body size source: http://www.tortai-tech.com/upload/download/2011102023233369053.pdf), generated with kicad-footprint-generator")
    (tags capacitor)
    (path /5FD707DF/611A6E88)
    (attr smd)
    (fp_text reference C106 (at 0 -1.43) (layer F.SilkS)
      (effects (font (size 0.5 0.5) (thickness 0.125)))
    )
    (fp_text value 0.47uF (at 0 1.43) (layer F.Fab)
      (effects (font (size 1 1) (thickness 0.15)))
    )
    (fp_line (start -0.8 0.4) (end -0.8 -0.4) (layer F.Fab) (width 0.1))
    (fp_line (start -0.8 -0.4) (end 0.8 -0.4) (layer F.Fab) (width 0.1))
    (fp_line (start 0.8 -0.4) (end 0.8 0.4) (layer F.Fab) (width 0.1))
    (fp_line (start 0.8 0.4) (end -0.8 0.4) (layer F.Fab) (width 0.1))
    (fp_line (start -0.162779 -0.51) (end 0.162779 -0.51) (layer F.SilkS) (width 0.12))
    (fp_line (start -0.162779 0.51) (end 0.162779 0.51) (layer F.SilkS) (width 0.12))
    (fp_line (start -1.48 0.73) (end -1.48 -0.73) (layer F.CrtYd) (width 0.05))
    (fp_line (start -1.48 -0.73) (end 1.48 -0.73) (layer F.CrtYd) (width 0.05))
    (fp_line (start 1.48 -0.73) (end 1.48 0.73) (layer F.CrtYd) (width 0.05))
    (fp_line (start 1.48 0.73) (end -1.48 0.73) (layer F.CrtYd) (width 0.05))
    (fp_text user %R (at 0 0) (layer F.SilkS)
      (effects (font (size 0.5 0.5) (thickness 0.125)))
    )
    (pad 1 smd roundrect (at -0.7875 0) (size 0.875 0.95) (layers F.Cu F.Paste F.Mask) (roundrect_rratio 0.25)
      (net 4 +3V3))
    (pad 2 smd roundrect (at 0.7875 0) (size 0.875 0.95) (layers F.Cu F.Paste F.Mask) (roundrect_rratio 0.25)
      (net 2 GND))
    (model ${KISYS3DMOD}/Capacitor_SMD.3dshapes/C_0603_1608Metric.wrl
      (at (xyz 0 0 0))
      (scale (xyz 1 1 1))
      (rotate (xyz 0 0 0))
    )
  )

  (module Capacitor_SMD:C_0603_1608Metric (layer F.Cu) (tedit 5B301BBE) (tstamp 5E8572DF)
    (at 217.556801 67.760401)
    (descr "Capacitor SMD 0603 (1608 Metric), square (rectangular) end terminal, IPC_7351 nominal, (Body size source: http://www.tortai-tech.com/upload/download/2011102023233369053.pdf), generated with kicad-footprint-generator")
    (tags capacitor)
    (path /5FD707DF/611A7F72)
    (attr smd)
    (fp_text reference C107 (at 0 -1.43) (layer F.SilkS)
      (effects (font (size 0.5 0.5) (thickness 0.125)))
    )
    (fp_text value 0.47uF (at 0 1.43) (layer F.Fab)
      (effects (font (size 1 1) (thickness 0.15)))
    )
    (fp_text user %R (at 0 0) (layer F.SilkS)
      (effects (font (size 0.5 0.5) (thickness 0.125)))
    )
    (fp_line (start 1.48 0.73) (end -1.48 0.73) (layer F.CrtYd) (width 0.05))
    (fp_line (start 1.48 -0.73) (end 1.48 0.73) (layer F.CrtYd) (width 0.05))
    (fp_line (start -1.48 -0.73) (end 1.48 -0.73) (layer F.CrtYd) (width 0.05))
    (fp_line (start -1.48 0.73) (end -1.48 -0.73) (layer F.CrtYd) (width 0.05))
